5.759E-2	5.576E-2	5.558E-2	6.312E-2	6.815E-2	6.961E-2	6.582E-2	6.445E-2	6.549E-2	7.604E-2	7.558E-2	7.401E-2	7.444E-2	7.690E-2	7.715E-2	7.000E-2	5.989E-2	6.308E-2	6.784E-2	6.419E-2
6.845E-2	6.447E-2	6.337E-2	8.428E-2	9.135E-2	8.489E-2	7.161E-2	6.636E-2	6.912E-2	8.722E-2	9.111E-2	8.063E-2	7.074E-2	7.519E-2	8.233E-2	7.312E-2	6.164E-2	6.250E-2	5.878E-2	5.804E-2
7.169E-2	6.770E-2	6.513E-2	7.452E-2	7.281E-2	6.887E-2	6.324E-2	6.964E-2	7.662E-2	8.703E-2	8.501E-2	6.886E-2	6.294E-2	6.210E-2	6.489E-2	6.435E-2	7.127E-2	7.586E-2	7.659E-2	7.370E-2
6.700E-2	6.206E-2	5.530E-2	5.502E-2	5.568E-2	5.593E-2	5.930E-2	6.865E-2	7.118E-2	7.303E-2	6.753E-2	5.839E-2	5.912E-2	6.070E-2	6.113E-2	6.428E-2	8.566E-2	8.901E-2	7.727E-2	7.228E-2
6.546E-2	6.182E-2	5.896E-2	6.111E-2	6.332E-2	6.453E-2	7.120E-2	7.347E-2	6.574E-2	6.232E-2	5.871E-2	5.487E-2	5.700E-2	6.357E-2	6.071E-2	6.623E-2	8.211E-2	8.122E-2	6.820E-2	7.178E-2
6.152E-2	6.785E-2	7.391E-2	7.534E-2	7.980E-2	7.525E-2	7.912E-2	8.244E-2	6.735E-2	6.418E-2	7.100E-2	7.090E-2	6.368E-2	6.507E-2	6.066E-2	5.934E-2	6.058E-2	6.382E-2	6.197E-2	6.756E-2
6.760E-2	7.133E-2	7.046E-2	7.455E-2	9.004E-2	8.392E-2	7.742E-2	7.679E-2	6.801E-2	6.357E-2	7.200E-2	7.338E-2	6.105E-2	5.975E-2	5.799E-2	5.768E-2	6.078E-2	6.627E-2	6.691E-2	6.610E-2
6.432E-2	6.105E-2	5.994E-2	6.240E-2	6.955E-2	6.838E-2	6.445E-2	6.672E-2	6.662E-2	6.531E-2	6.843E-2	6.713E-2	5.905E-2	5.581E-2	5.347E-2	5.584E-2	6.381E-2	7.158E-2	6.468E-2	5.743E-2
5.709E-2	6.075E-2	6.048E-2	5.808E-2	5.563E-2	5.587E-2	5.678E-2	5.885E-2	6.385E-2	7.194E-2	6.981E-2	6.702E-2	6.340E-2	5.545E-2	5.451E-2	5.570E-2	6.275E-2	6.874E-2	6.202E-2	5.580E-2
6.397E-2	6.240E-2	7.249E-2	7.302E-2	6.333E-2	6.215E-2	6.061E-2	6.383E-2	6.730E-2	6.317E-2	5.905E-2	6.952E-2	6.583E-2	5.519E-2	5.618E-2	5.755E-2	6.595E-2	6.992E-2	6.235E-2	5.772E-2
6.491E-2	6.235E-2	7.536E-2	7.353E-2	7.679E-2	8.143E-2	6.633E-2	6.187E-2	6.286E-2	6.154E-2	7.303E-2	8.280E-2	6.634E-2	5.974E-2	5.922E-2	5.727E-2	6.173E-2	6.656E-2	6.385E-2	6.067E-2
6.415E-2	6.327E-2	6.320E-2	5.949E-2	6.959E-2	7.473E-2	6.245E-2	6.652E-2	7.587E-2	7.861E-2	8.107E-2	7.910E-2	7.461E-2	7.790E-2	7.518E-2	6.797E-2	6.118E-2	6.462E-2	6.749E-2	6.945E-2
5.722E-2	5.539E-2	5.657E-2	5.859E-2	6.064E-2	6.252E-2	5.853E-2	6.599E-2	7.319E-2	6.908E-2	6.540E-2	6.749E-2	7.141E-2	7.932E-2	8.500E-2	8.172E-2	7.122E-2	6.981E-2	7.144E-2	7.797E-2
6.089E-2	6.274E-2	6.620E-2	6.939E-2	6.661E-2	7.020E-2	7.280E-2	7.698E-2	7.630E-2	6.678E-2	6.362E-2	6.731E-2	6.257E-2	5.675E-2	6.512E-2	7.322E-2	6.646E-2	5.999E-2	5.945E-2	6.722E-2
7.091E-2	6.666E-2	7.661E-2	8.705E-2	7.313E-2	6.439E-2	6.800E-2	6.689E-2	7.492E-2	7.355E-2	6.488E-2	7.200E-2	7.160E-2	5.687E-2	5.836E-2	6.502E-2	6.237E-2	5.684E-2	5.579E-2	6.193E-2
7.326E-2	6.398E-2	7.783E-2	9.078E-2	7.411E-2	5.610E-2	5.512E-2	5.653E-2	6.350E-2	7.063E-2	7.315E-2	6.863E-2	5.848E-2	5.220E-2	5.415E-2	5.717E-2	5.634E-2	5.732E-2	5.866E-2	6.054E-2
6.335E-2	5.713E-2	6.484E-2	7.359E-2	6.709E-2	5.761E-2	5.914E-2	6.170E-2	5.736E-2	6.367E-2	7.194E-2	6.041E-2	5.198E-2	5.206E-2	5.199E-2	5.249E-2	5.289E-2	5.940E-2	6.813E-2	6.886E-2
5.854E-2	5.654E-2	5.596E-2	5.661E-2	5.902E-2	5.703E-2	5.539E-2	5.731E-2	5.537E-2	5.681E-2	5.899E-2	5.512E-2	5.205E-2	5.446E-2	5.515E-2	5.491E-2	5.329E-2	5.650E-2	6.579E-2	7.436E-2
6.331E-2	7.020E-2	6.494E-2	5.540E-2	5.340E-2	5.229E-2	5.513E-2	6.229E-2	6.442E-2	6.446E-2	6.092E-2	5.861E-2	5.986E-2	6.070E-2	5.922E-2	5.506E-2	5.338E-2	5.906E-2	6.326E-2	7.243E-2
5.787E-2	6.334E-2	6.322E-2	5.617E-2	5.330E-2	5.559E-2	6.115E-2	7.024E-2	7.278E-2	6.703E-2	6.145E-2	6.724E-2	7.201E-2	6.730E-2	5.994E-2	5.335E-2	5.160E-2	5.600E-2	5.986E-2	6.936E-2
