1.679E+0	1.320E+0	1.588E+0	1.329E+0	7.630E-1	1.828E+0	1.923E+0	1.413E+0	3.268E-1	7.088E-1	1.253E+0	7.939E-1	1.336E+0	2.346E+0	2.516E+0	1.936E+0	1.662E+0	1.686E+0	1.764E+0	1.719E+0	1.999E+0	1.966E+0	1.807E+0	1.192E+0	1.473E+0	9.377E-1	1.198E+0	1.231E+0	1.204E+0	8.361E-1	3.135E-1	6.861E-1	4.491E-1	2.930E-1	6.731E-1	5.861E-1	1.246E+0	1.017E+0	6.673E-1	9.802E-1	1.337E+0	7.887E-1	1.538E+0	8.786E-1	1.323E+0	8.893E-1	4.861E-1	9.890E-1	1.569E+0	1.455E+0	9.679E-1	8.640E-1	2.346E-1	9.361E-1	6.579E-1	1.122E+0	1.068E+0	1.099E+0	1.256E+0	1.898E+0
1.063E+0	1.316E+0	1.363E+0	9.906E-1	1.330E+0	1.173E+0	1.003E+0	6.166E-1	7.715E-1	1.120E+0	1.079E+0	7.108E-1	1.023E+0	1.236E+0	1.246E+0	1.630E+0	1.893E+0	1.790E+0	1.827E+0	1.918E+0	1.784E+0	1.633E+0	1.572E+0	1.025E+0	1.002E+0	1.042E+0	7.033E-1	6.089E-1	6.939E-1	1.022E+0	5.520E-1	7.195E-1	1.196E+0	1.525E+0	1.728E+0	6.033E-1	7.604E-1	6.673E-1	1.311E+0	1.133E+0	1.281E+0	1.233E+0	1.301E+0	1.035E+0	9.331E-1	7.952E-1	1.171E+0	1.574E+0	1.590E+0	8.601E-1	1.401E+0	1.518E+0	1.441E+0	1.068E+0	1.164E+0	9.727E-1	5.105E-1	1.201E+0	1.307E+0	1.516E+0
3.631E-1	5.761E-1	7.270E-1	1.330E+0	1.259E+0	1.181E+0	6.442E-1	7.819E-1	1.328E+0	1.306E+0	2.875E-1	3.988E-1	1.035E+0	4.014E-1	1.036E+0	1.472E+0	1.627E+0	2.524E+0	1.588E+0	1.522E+0	1.604E+0	1.679E+0	1.467E+0	9.542E-1	8.215E-1	1.397E+0	1.137E+0	1.110E+0	1.106E+0	1.254E+0	3.534E-1	9.101E-1	8.127E-1	1.092E+0	1.512E+0	9.153E-1	5.900E-1	5.085E-1	4.637E-1	2.755E-1	9.864E-1	1.023E+0	1.309E+0	9.825E-1	1.140E+0	5.855E-1	1.049E+0	7.212E-1	4.641E-1	6.007E-1	7.588E-1	9.731E-1	6.322E-1	8.461E-1	1.209E+0	8.987E-1	8.202E-1	8.325E-1	1.348E+0	8.030E-1
7.604E-1	1.329E+0	1.338E+0	1.613E+0	1.673E+0	1.913E+0	1.476E+0	1.437E+0	7.384E-1	1.140E+0	1.335E+0	1.057E+0	4.164E-1	5.634E-1	1.447E+0	1.063E+0	1.234E+0	1.970E+0	1.964E+0	2.427E+0	1.965E+0	1.911E+0	1.316E+0	1.346E+0	7.514E-1	1.722E-1	1.306E+0	8.578E-1	7.952E-1	1.249E+0	1.509E+0	1.002E+0	9.380E-1	1.524E+0	1.222E+0	1.423E+0	1.330E+0	1.104E+0	1.312E+0	1.410E+0	1.278E+0	1.379E+0	1.300E+0	1.238E+0	1.889E+0	1.508E+0	6.575E-1	7.056E-1	8.565E-1	1.020E+0	8.225E-1	4.693E-1	9.961E-1	9.335E-1	1.035E+0	1.081E+0	1.597E+0	1.776E+0	1.604E+0	9.124E-1
1.610E+0	1.806E+0	1.354E+0	1.476E+0	1.753E+0	1.849E+0	1.269E+0	1.629E+0	1.601E+0	1.656E+0	6.712E-1	9.091E-1	7.598E-1	6.290E-1	1.290E+0	1.482E+0	1.528E+0	1.671E+0	1.496E+0	1.645E+0	1.484E+0	1.713E+0	1.222E+0	1.020E+0	1.030E+0	1.050E+0	8.676E-1	9.124E-1	4.264E-1	6.235E-1	1.536E+0	1.214E+0	4.206E-1	1.614E+0	1.400E+0	1.598E+0	1.636E+0	9.364E-1	1.264E+0	1.108E+0	1.541E+0	1.377E+0	1.437E+0	1.651E+0	1.195E+0	1.445E+0	7.893E-1	6.731E-1	7.212E-1	9.289E-1	5.952E-1	9.182E-1	1.368E+0	1.031E+0	2.281E-1	2.703E-1	1.108E+0	1.239E+0	1.023E+0	1.538E+0
1.526E+0	1.840E+0	1.519E+0	1.760E+0	1.441E+0	9.124E-1	1.473E+0	1.525E+0	1.589E+0	1.043E+0	1.002E+0	1.072E+0	1.308E+0	1.028E+0	8.676E-1	6.536E-1	1.195E+0	1.341E+0	1.562E+0	1.930E+0	1.527E+0	1.378E+0	9.237E-1	1.378E+0	1.680E+0	8.994E-1	1.257E+0	2.979E-1	9.779E-1	1.084E+0	1.183E+0	1.287E+0	1.801E+0	1.625E+0	1.552E+0	1.275E+0	6.608E-1	1.343E+0	1.051E+0	9.335E-1	5.082E-1	9.497E-1	1.348E+0	1.650E+0	1.486E+0	1.619E+0	1.368E+0	1.137E+0	1.387E+0	1.108E+0	1.387E+0	5.293E-1	9.338E-1	1.011E+0	1.155E+0	1.141E+0	1.038E+0	1.162E+0	8.056E-1	7.426E-1
1.218E+0	1.558E+0	1.560E+0	2.112E+0	1.324E+0	1.385E+0	1.917E+0	1.484E+0	1.350E+0	1.056E+0	1.423E+0	1.130E+0	1.503E+0	1.447E+0	1.321E+0	4.537E-1	9.981E-1	1.905E+0	1.452E+0	2.200E+0	1.949E+0	2.134E+0	2.100E+0	1.271E+0	4.345E-1	1.119E+0	1.294E+0	1.365E+0	7.306E-1	9.322E-1	1.178E+0	1.823E+0	1.153E+0	1.330E+0	1.655E+0	1.551E+0	1.694E+0	1.845E+0	1.404E+0	1.513E+0	1.238E+0	1.045E+0	9.663E-1	8.127E-1	7.059E-1	8.702E-1	7.669E-1	1.388E+0	1.269E+0	1.395E+0	1.584E+0	1.282E+0	3.576E-1	1.393E+0	9.309E-1	1.251E+0	2.041E+0	2.204E+0	1.165E+0	6.196E-1
1.271E+0	1.253E+0	1.441E+0	1.844E+0	1.948E+0	1.936E+0	2.177E+0	1.482E+0	1.565E+0	1.639E+0	1.771E+0	1.459E+0	1.493E+0	2.070E+0	1.329E+0	1.424E+0	1.274E+0	1.073E+0	1.356E+0	2.050E+0	2.052E+0	2.261E+0	1.586E+0	2.211E+0	1.770E+0	1.474E+0	1.218E+0	9.552E-1	8.835E-1	7.192E-1	1.149E+0	1.392E+0	1.118E+0	1.486E+0	1.700E+0	9.711E-1	1.469E+0	1.246E+0	9.400E-1	2.729E-1	8.793E-1	1.297E+0	1.170E+0	7.591E-1	9.526E-1	4.449E-1	8.955E-1	6.085E-1	3.027E-1	1.034E+0	1.518E+0	1.089E+0	9.133E-1	1.132E+0	1.206E+0	6.076E-1	1.344E+0	1.296E+0	1.440E+0	9.120E-1
1.579E+0	2.180E+0	1.798E+0	1.665E+0	1.813E+0	1.887E+0	2.197E+0	1.948E+0	1.717E+0	2.074E+0	1.547E+0	1.423E+0	9.750E-1	9.539E-1	1.187E+0	1.277E+0	1.431E+0	1.081E+0	1.152E+0	1.112E+0	8.306E-1	1.453E+0	1.180E+0	1.452E+0	8.965E-1	7.481E-1	1.262E+0	9.276E-1	1.139E+0	8.533E-1	9.828E-1	1.411E+0	1.652E+0	1.322E+0	6.702E-1	1.170E-3	1.215E+0	9.400E-1	1.010E+0	1.404E+0	1.374E+0	1.167E+0	8.890E-1	4.141E-1	1.216E-1	2.774E-1	8.046E-1	1.583E+0	1.418E+0	1.780E+0	1.189E+0	7.387E-1	1.037E+0	1.305E+0	1.304E+0	1.769E+0	1.713E+0	1.137E+0	1.424E+0	1.418E+0
1.568E+0	1.382E+0	1.070E+0	1.531E+0	1.095E+0	1.201E+0	1.771E+0	1.972E+0	1.679E+0	2.132E+0	1.234E+0	1.396E+0	1.189E+0	1.096E+0	1.492E+0	8.312E-1	7.004E-1	1.326E+0	9.305E-1	9.938E-1	1.468E+0	1.874E+0	2.335E+0	1.913E+0	1.154E+0	5.637E-1	1.202E+0	9.731E-1	1.026E+0	1.091E+0	1.046E+0	1.160E+0	1.471E+0	1.437E+0	9.955E-1	1.478E+0	1.441E+0	1.150E+0	1.020E+0	1.312E+0	9.432E-1	1.220E+0	1.280E+0	8.085E-1	1.035E+0	1.023E+0	1.235E+0	1.292E+0	1.795E+0	8.127E-1	9.672E-1	1.874E+0	6.952E-1	1.374E+0	1.474E+0	1.206E+0	8.718E-1	1.255E+0	1.466E+0	1.375E+0
1.081E+0	1.125E+0	1.317E+0	8.358E-1	7.254E-1	1.072E+0	9.182E-1	1.022E+0	1.674E+0	1.805E+0	9.432E-1	1.335E+0	1.545E+0	1.364E+0	7.887E-1	7.348E-1	4.878E-1	9.740E-1	9.247E-1	1.264E+0	1.317E+0	1.820E+0	1.654E+0	1.674E+0	1.063E+0	1.514E+0	1.250E+0	1.488E+0	1.240E+0	1.048E+0	1.713E+0	1.172E+0	9.650E-1	1.133E+0	1.123E+0	1.068E+0	8.909E-1	2.975E-1	5.280E-1	4.147E-1	7.945E-1	1.337E+0	1.227E+0	8.793E-1	6.673E-1	1.406E+0	1.070E+0	5.673E-1	1.300E+0	1.276E+0	1.348E+0	1.441E+0	1.208E+0	1.208E+0	2.062E+0	2.218E+0	1.079E+0	4.034E-1	7.812E-1	7.721E-1
1.556E+0	1.338E+0	1.164E+0	1.105E+0	1.092E+0	8.588E-1	1.218E+0	1.007E+0	1.181E+0	1.428E+0	6.751E-1	4.959E-1	8.945E-1	1.798E+0	1.504E+0	1.351E+0	4.316E-1	9.559E-1	1.013E+0	7.101E-1	8.341E-1	1.601E+0	1.568E+0	1.443E+0	8.672E-1	5.871E-1	9.159E-1	1.147E+0	1.194E+0	1.087E+0	1.461E+0	8.315E-1	1.128E+0	1.020E+0	1.007E+0	1.351E+0	1.661E+0	1.306E+0	5.488E-1	7.958E-1	1.319E+0	1.244E+0	1.156E+0	7.741E-1	5.683E-1	1.494E+0	8.591E-1	1.392E+0	1.562E+0	1.535E+0	1.304E+0	1.590E+0	1.989E+0	1.505E+0	6.939E-1	1.466E+0	9.302E-1	1.321E+0	1.088E+0	1.083E+0
1.023E+0	7.299E-1	5.988E-1	1.233E+0	8.153E-1	7.887E-1	9.864E-1	1.118E+0	1.366E+0	1.403E+0	1.415E+0	1.103E+0	1.022E+0	1.743E+0	2.180E+0	1.137E+0	1.339E+0	1.836E+0	1.580E+0	1.859E+0	1.415E+0	1.053E+0	1.239E+0	4.449E-1	7.131E-1	7.514E-1	1.279E+0	1.115E+0	1.452E+0	1.203E+0	1.198E+0	1.207E+0	1.233E+0	1.559E+0	1.024E+0	1.194E+0	1.386E+0	1.194E+0	1.194E+0	9.026E-1	9.773E-1	1.086E+0	1.433E+0	1.182E+0	1.131E+0	1.547E+0	1.356E+0	8.939E-1	1.207E+0	8.302E-1	1.249E+0	1.650E+0	1.195E+0	1.371E+0	1.535E+0	7.893E-1	1.235E+0	1.449E+0	1.122E+0	8.367E-1
1.708E+0	1.532E+0	1.478E+0	1.172E+0	1.658E+0	1.394E+0	4.777E-1	6.085E-1	1.460E+0	1.231E+0	8.263E-1	7.679E-1	1.138E+0	1.198E+0	1.357E+0	1.720E+0	1.182E+0	1.440E+0	1.595E+0	1.588E+0	1.321E+0	1.014E+0	7.368E-1	1.012E+0	1.165E+0	1.679E+0	1.689E+0	1.491E+0	1.462E+0	1.215E+0	1.350E+0	1.914E+0	2.221E+0	1.767E+0	1.636E+0	1.861E+0	1.655E+0	1.327E+0	1.322E+0	1.495E+0	8.861E-1	1.324E+0	1.495E+0	1.195E+0	9.721E-1	1.546E+0	1.844E+0	1.701E+0	1.322E+0	1.819E-3	7.393E-1	1.070E+0	7.770E-1	9.296E-1	1.022E+0	1.814E+0	1.756E+0	8.867E-1	9.478E-1	6.588E-1
1.280E+0	5.478E-1	1.870E-2	6.050E-1	1.261E+0	1.275E+0	1.368E+0	1.404E+0	1.196E+0	6.696E-1	8.390E-1	1.192E+0	8.961E-1	1.025E+0	1.084E+0	1.442E+0	1.462E+0	1.604E+0	1.850E+0	2.211E+0	1.942E+0	1.155E+0	1.123E+0	1.573E+0	1.795E+0	1.611E+0	1.566E+0	1.410E+0	1.513E+0	2.201E+0	1.718E+0	1.913E+0	1.901E+0	1.365E+0	1.614E+0	2.165E+0	2.095E+0	1.768E+0	1.523E+0	1.513E+0	5.933E-1	9.520E-1	1.396E+0	1.453E+0	1.371E+0	1.383E+0	1.576E+0	1.292E+0	1.235E+0	1.064E+0	8.127E-1	9.977E-1	1.560E+0	9.773E-1	1.129E+0	6.592E-1	1.075E+0	9.848E-1	1.459E+0	1.392E+0
1.069E+0	8.020E-1	7.345E-1	1.391E+0	1.259E+0	1.316E+0	1.643E+0	1.460E+0	1.178E+0	1.826E+0	1.026E+0	6.319E-1	1.350E+0	1.421E+0	9.484E-1	8.896E-1	1.476E+0	1.366E+0	2.126E+0	2.657E+0	1.170E+0	5.176E-1	9.539E-1	1.492E+0	1.447E+0	1.880E+0	1.718E+0	2.300E+0	1.330E+0	2.390E+0	2.153E+0	2.073E+0	1.978E+0	1.884E+0	1.180E+0	1.435E+0	1.480E+0	1.506E+0	1.320E+0	1.152E+0	1.072E+0	9.702E-1	9.010E-1	8.887E-1	1.258E+0	1.231E+0	1.629E+0	1.228E+0	1.215E+0	8.163E-1	1.193E+0	1.164E+0	1.046E+0	1.446E+0	1.047E+0	1.536E+0	1.248E+0	1.315E+0	1.168E+0	9.776E-1
8.312E-1	9.305E-1	1.408E+0	1.116E+0	1.596E+0	1.493E+0	1.325E+0	1.342E+0	1.457E+0	1.037E+0	1.126E+0	1.776E+0	1.285E+0	1.345E+0	9.776E-1	1.222E+0	1.583E+0	1.330E+0	1.454E+0	1.446E+0	1.849E+0	1.083E+0	1.647E+0	1.696E+0	1.727E+0	1.737E+0	1.348E+0	1.773E+0	1.484E+0	8.114E-1	1.127E+0	9.968E-1	1.124E+0	1.917E+0	1.893E+0	1.777E+0	6.660E-1	9.348E-1	1.291E+0	1.216E+0	1.239E+0	6.140E-1	8.578E-1	1.541E+0	1.434E+0	8.023E-1	9.215E-1	8.971E-1	1.023E+0	1.601E+0	9.650E-1	1.251E+0	1.715E+0	1.082E+0	1.210E+0	1.087E+0	6.027E-1	1.134E+0	1.106E+0	9.166E-1
1.227E+0	1.041E+0	9.974E-1	1.322E+0	1.767E+0	1.480E+0	1.621E+0	1.580E+0	1.198E+0	1.208E+0	8.776E-1	1.120E+0	1.262E+0	2.136E+0	1.117E+0	8.474E-1	1.307E+0	1.651E+0	1.382E+0	9.439E-1	1.554E+0	8.796E-1	1.074E+0	1.335E+0	1.671E+0	2.030E+0	2.162E+0	1.643E+0	1.367E+0	1.487E+0	8.705E-1	1.104E+0	5.803E-1	7.273E-1	7.598E-1	5.293E-1	9.714E-1	8.789E-1	8.819E-1	6.812E-1	5.793E-1	8.916E-1	4.654E-1	1.029E+0	1.489E+0	1.281E+0	1.175E+0	6.423E-1	3.329E-1	1.124E+0	1.107E+0	8.582E-1	1.752E+0	1.974E+0	1.018E+0	1.306E+0	1.102E+0	9.643E-1	5.417E-1	1.313E+0
1.516E+0	1.722E+0	1.489E+0	1.230E+0	1.064E+0	1.359E+0	1.209E+0	1.020E+0	1.552E+0	1.498E+0	1.379E+0	1.676E+0	2.276E+0	1.379E+0	7.910E-1	1.082E+0	8.757E-1	1.640E+0	1.501E+0	1.169E+0	7.004E-1	1.600E+0	1.243E+0	1.245E+0	9.792E-1	1.645E+0	1.674E+0	1.031E+0	1.189E+0	1.427E+0	1.504E+0	5.465E-1	3.982E-1	8.296E-1	7.118E-1	1.047E+0	1.090E+0	1.123E+0	9.977E-1	7.442E-1	2.355E-1	4.157E-1	6.426E-1	1.151E+0	1.383E+0	1.432E+0	1.225E+0	1.248E+0	1.586E+0	8.614E-1	5.667E-1	-2.188E-2	1.069E+0	1.103E+0	1.214E+0	1.168E+0	1.435E+0	9.361E-1	1.040E+0	1.171E+0
8.874E-1	1.077E+0	1.391E+0	1.090E+0	1.292E+0	8.348E-1	9.296E-1	1.082E+0	4.920E-1	1.224E+0	9.828E-1	1.591E+0	1.963E+0	1.688E+0	1.098E+0	8.582E-1	1.367E+0	1.646E+0	1.493E+0	9.851E-1	5.972E-1	9.377E-1	1.626E+0	1.450E+0	1.396E+0	1.531E+0	1.808E+0	1.605E+0	1.575E+0	1.618E+0	1.899E+0	1.327E+0	1.075E+0	1.276E+0	1.877E+0	1.386E+0	1.236E+0	1.331E+0	1.047E+0	1.289E+0	1.132E-1	8.098E-1	1.370E+0	1.188E+0	1.338E+0	1.120E+0	1.334E+0	1.131E+0	1.062E+0	1.009E+0	9.452E-1	1.009E+0	1.570E+0	1.378E+0	8.208E-1	1.440E+0	1.588E+0	1.405E+0	1.148E+0	1.278E+0
7.744E-1	8.082E-1	1.403E+0	1.238E+0	1.630E+0	1.788E+0	1.584E+0	1.253E+0	1.392E+0	1.500E+0	1.546E+0	7.897E-1	1.420E+0	1.373E+0	1.270E+0	1.191E+0	1.400E+0	1.430E+0	1.102E+0	1.403E+0	1.663E+0	7.329E-1	1.030E+0	1.397E+0	1.573E+0	1.258E+0	1.402E+0	1.261E+0	1.595E+0	1.760E+0	8.163E-1	5.602E-1	4.316E-1	5.673E-1	1.238E+0	1.798E+0	1.662E+0	1.569E+0	9.702E-1	8.578E-1	1.044E+0	7.965E-1	6.760E-1	1.139E+0	2.069E+0	1.428E+0	1.284E+0	1.988E+0	1.609E+0	1.198E+0	1.184E+0	1.572E+0	1.291E+0	1.237E+0	6.426E-1	1.131E+0	7.705E-1	6.498E-1	9.883E-1	4.790E-1
1.696E+0	5.585E-1	1.218E+0	1.868E+0	1.650E+0	1.245E+0	1.696E+0	1.272E+0	9.643E-1	7.166E-1	1.788E+0	1.461E+0	1.621E+0	1.466E+0	1.829E+0	1.654E+0	2.221E+0	1.622E+0	1.231E+0	1.280E+0	1.649E+0	1.075E+0	1.298E+0	1.208E+0	1.188E+0	1.110E+0	1.413E+0	1.247E+0	1.238E+0	1.359E+0	1.121E+0	8.763E-1	1.077E+0	1.524E+0	1.447E+0	1.208E+0	1.410E+0	5.072E-1	1.284E+0	4.517E-1	6.407E-1	8.244E-1	8.880E-1	1.493E+0	1.423E+0	1.191E+0	1.779E+0	2.027E+0	1.535E+0	1.688E+0	1.975E+0	1.327E+0	8.624E-1	1.185E+0	1.372E+0	1.079E+0	6.387E-1	9.348E-1	9.757E-1	7.413E-1
5.452E-1	6.786E-1	1.847E+0	1.270E+0	1.449E+0	9.364E-1	1.927E+0	1.197E+0	1.498E+0	1.619E+0	1.691E+0	1.990E+0	2.000E+0	1.484E+0	1.523E+0	1.683E+0	1.831E+0	1.410E+0	8.520E-1	1.087E+0	1.085E+0	1.070E+0	1.088E+0	1.245E+0	1.350E+0	1.460E+0	1.829E+0	1.426E+0	1.424E+0	1.526E+0	1.436E+0	9.727E-1	3.173E-1	1.077E+0	9.439E-1	1.158E+0	1.386E+0	8.484E-1	1.001E+0	7.355E-1	1.286E+0	1.641E+0	1.335E+0	1.224E+0	1.355E+0	1.364E+0	9.887E-1	2.080E+0	1.025E+0	1.741E+0	1.358E+0	1.709E+0	1.064E+0	1.503E+0	1.110E+0	1.071E+0	7.484E-1	9.958E-1	4.650E-1	5.563E-1
7.234E-1	1.124E+0	1.861E+0	1.181E+0	1.224E+0	8.806E-1	1.075E+0	1.728E+0	1.999E+0	1.086E+0	1.183E+0	1.408E+0	1.034E+0	1.297E+0	1.120E+0	1.498E+0	1.542E+0	1.228E+0	1.552E+0	1.187E+0	8.338E-1	1.226E+0	2.035E+0	1.051E+0	6.624E-1	1.261E+0	1.777E+0	1.534E+0	1.160E+0	6.546E-1	9.403E-1	7.851E-1	1.120E+0	1.115E+0	1.106E+0	1.366E+0	7.458E-1	1.053E+0	1.714E+0	1.912E+0	2.198E+0	1.704E+0	1.528E+0	1.232E+0	1.107E+0	1.002E+0	6.718E-1	1.191E+0	1.226E+0	7.728E-1	1.106E+0	1.304E+0	1.627E+0	1.024E+0	1.082E+0	1.030E+0	8.608E-1	7.601E-1	5.176E-1	1.003E+0
1.175E+0	9.315E-1	1.418E+0	9.607E-1	1.102E+0	1.678E+0	1.456E+0	1.081E+0	1.472E+0	1.180E+0	1.122E+0	4.722E-1	7.647E-1	1.596E+0	1.155E+0	1.031E+0	1.119E+0	8.796E-1	1.134E+0	1.040E+0	1.349E+0	8.968E-1	1.035E+0	1.227E+0	6.455E-1	1.250E+0	1.703E+0	2.285E+0	2.067E+0	1.553E+0	9.734E-1	7.332E-1	8.160E-1	1.294E+0	5.874E-1	1.012E+0	1.342E+0	1.419E+0	1.633E+0	1.543E+0	1.626E+0	1.774E+0	1.554E+0	1.828E+0	1.221E+0	7.471E-1	9.874E-1	8.283E-1	1.389E+0	6.981E-1	6.014E-1	8.559E-1	9.698E-1	8.669E-1	1.302E+0	1.714E+0	1.493E+0	1.323E+0	7.828E-1	1.027E+0
1.284E+0	1.295E+0	7.403E-1	1.365E+0	1.367E+0	1.617E+0	9.218E-1	1.476E+0	1.458E+0	5.718E-1	4.858E-1	5.481E-1	4.306E-1	4.498E-1	1.002E+0	1.062E+0	1.221E+0	1.046E+0	1.023E+0	3.641E-1	9.403E-1	9.695E-1	9.776E-1	6.640E-1	1.089E+0	1.049E+0	7.585E-1	1.817E+0	1.909E+0	1.569E+0	1.551E+0	6.975E-1	4.897E-1	1.329E+0	1.289E+0	1.005E+0	1.073E+0	7.325E-1	1.491E+0	1.176E+0	7.267E-1	1.044E+0	1.096E+0	8.474E-1	9.747E-1	2.118E+0	1.362E+0	5.861E-1	1.390E+0	1.055E+0	7.046E-1	1.689E+0	1.854E+0	1.978E+0	1.303E+0	1.346E+0	6.936E-1	8.994E-1	1.049E+0	6.585E-1
9.789E-1	1.428E+0	1.364E+0	1.417E+0	1.315E+0	8.947E-2	1.260E+0	1.326E+0	8.286E-1	8.325E-1	5.712E-1	1.136E+0	7.815E-1	8.332E-1	4.735E-1	7.851E-1	1.151E+0	9.757E-1	4.813E-1	1.004E+0	1.408E+0	1.239E+0	1.283E+0	1.494E+0	1.302E+0	1.588E+0	1.485E+0	1.629E+0	8.543E-1	1.485E+0	7.715E-1	2.742E-1	1.179E+0	1.114E+0	1.796E+0	8.546E-1	1.243E+0	9.581E-1	1.310E+0	7.689E-1	1.646E+0	1.584E+0	1.311E+0	1.423E+0	4.998E-1	1.615E+0	5.650E-1	1.335E+0	6.709E-1	7.319E-1	1.457E+0	1.257E+0	1.389E+0	1.468E+0	1.132E+0	1.572E+0	1.162E+0	1.270E+0	1.454E+0	1.078E+0
1.570E+0	1.143E+0	1.124E+0	1.050E+0	1.433E+0	1.167E+0	1.635E+0	1.070E+0	7.286E-1	1.267E+0	1.639E+0	8.533E-1	1.091E+0	1.667E-1	4.956E-1	5.121E-1	9.491E-1	1.406E+0	6.364E-1	1.408E+0	1.026E+0	1.047E+0	9.870E-1	1.180E+0	1.204E+0	1.425E+0	1.427E+0	9.740E-1	9.835E-1	1.618E+0	9.753E-1	1.420E+0	8.507E-1	1.082E+0	1.254E+0	1.182E+0	1.094E+0	1.444E+0	1.275E+0	1.693E+0	1.238E+0	1.213E+0	1.251E+0	1.006E+0	1.245E+0	1.025E+0	6.338E-1	6.011E-1	9.130E-1	1.026E+0	1.467E+0	1.367E+0	1.107E+0	1.198E+0	1.068E+0	1.528E+0	2.173E+0	1.439E+0	1.089E+0	7.913E-1
8.734E-1	1.659E+0	1.173E+0	8.361E-1	1.031E+0	1.318E+0	1.460E+0	9.503E-1	1.403E+0	7.682E-1	1.029E+0	8.270E-1	-8.128E-2	3.190E-1	9.997E-1	8.958E-1	8.588E-1	6.994E-1	9.786E-1	1.848E+0	7.601E-1	1.625E+0	1.217E+0	1.086E+0	7.880E-1	8.565E-1	8.423E-1	1.246E+0	8.432E-1	7.991E-1	1.163E+0	7.312E-1	1.223E+0	1.354E+0	2.136E+0	1.528E+0	1.448E+0	1.709E+0	1.494E+0	1.304E+0	1.658E+0	1.437E+0	1.744E+0	1.329E+0	1.169E+0	1.404E+0	9.176E-1	1.148E+0	1.293E+0	1.255E+0	6.127E-1	4.329E-1	3.579E-1	4.962E-1	9.692E-1	6.231E-1	1.124E+0	6.407E-1	8.156E-1	6.209E-1
1.250E+0	1.130E+0	4.576E-1	1.174E-1	1.006E+0	6.046E-1	1.091E+0	1.313E+0	8.458E-1	8.221E-1	5.248E-1	6.689E-1	3.894E-1	5.115E-1	6.212E-1	9.818E-1	1.063E+0	1.302E+0	1.230E+0	7.864E-1	2.401E-1	3.251E-1	4.326E-1	5.167E-1	1.032E+0	7.828E-1	8.536E-1	1.039E+0	1.210E+0	6.413E-1	1.190E+0	1.257E+0	4.056E-1	1.306E+0	1.003E+0	1.981E+0	2.171E+0	2.514E+0	2.275E+0	2.317E+0	1.380E+0	1.087E+0	1.883E+0	1.875E+0	7.530E-1	1.680E+0	1.623E+0	6.916E-1	6.572E-1	1.266E+0	9.338E-1	1.422E+0	1.014E+0	1.478E+0	1.222E+0	9.487E-1	7.429E-1	1.401E+0	1.088E+0	5.306E-1
7.098E-1	1.171E+0	1.131E+0	1.324E+0	4.521E-1	8.896E-1	7.945E-1	1.481E+0	6.845E-1	1.113E+0	1.218E+0	1.182E+0	1.300E+0	9.711E-1	1.507E+0	1.223E+0	1.390E+0	1.165E+0	1.586E+0	1.650E+0	7.312E-1	1.340E+0	1.513E+0	8.341E-1	8.439E-1	1.051E+0	1.373E+0	1.118E+0	1.018E+0	9.984E-1	1.409E+0	1.401E+0	1.521E+0	1.893E+0	2.799E+0	2.927E+0	2.546E+0	3.056E+0	2.520E+0	3.014E+0	2.299E+0	1.531E+0	1.461E+0	1.923E+0	2.288E+0	1.007E+0	1.092E+0	1.691E+0	1.178E+0	1.278E+0	1.035E+0	1.096E+0	9.393E-1	1.226E+0	1.124E+0	8.595E-1	8.195E-1	9.981E-1	1.440E+0	1.317E+0
2.307E-1	3.745E-1	1.230E+0	1.164E+0	6.994E-1	6.559E-1	7.296E-1	1.781E+0	1.327E+0	1.187E+0	8.737E-1	9.903E-1	1.073E+0	1.576E+0	1.395E+0	9.224E-1	1.302E+0	5.829E-1	3.083E-1	4.508E-1	7.799E-1	9.572E-1	1.222E+0	9.117E-1	9.951E-1	8.289E-1	8.896E-1	7.329E-1	4.715E-1	8.069E-1	1.923E+0	1.518E+0	1.707E+0	2.006E+0	2.110E+0	2.225E+0	1.923E+0	2.241E+0	1.738E+0	1.810E+0	1.428E+0	1.178E+0	1.605E+0	1.319E+0	1.435E+0	2.038E+0	2.352E+0	1.223E+0	1.272E+0	1.640E+0	7.760E-1	4.832E-1	9.676E-1	8.624E-1	1.458E+0	1.546E+0	1.049E+0	1.321E+0	6.679E-1	1.356E+0
1.088E+0	7.952E-1	7.601E-1	1.268E+0	1.217E+0	1.682E+0	1.560E+0	1.160E+0	1.509E+0	9.286E-1	1.158E+0	7.062E-1	5.663E-1	9.601E-1	1.128E+0	1.582E+0	1.640E+0	1.508E+0	8.887E-1	8.189E-1	7.650E-1	1.415E+0	1.291E+0	9.146E-1	8.786E-1	1.037E+0	1.441E+0	1.173E+0	6.212E-1	8.033E-1	8.815E-1	1.595E+0	9.568E-1	7.475E-1	1.063E+0	1.591E+0	1.367E+0	1.559E+0	1.776E+0	1.899E+0	2.284E+0	2.280E+0	1.859E+0	2.065E+0	1.595E+0	1.973E+0	1.684E+0	1.974E+0	1.551E+0	1.122E+0	3.751E-1	7.134E-1	1.204E+0	6.238E-1	8.150E-1	1.635E+0	1.680E+0	1.550E+0	1.160E+0	7.264E-1
1.005E+0	4.715E-1	5.728E-1	4.670E-1	8.630E-1	1.133E+0	8.254E-1	9.867E-1	7.864E-1	9.130E-1	1.074E+0	4.319E-1	9.234E-1	9.231E-1	7.812E-1	1.860E+0	1.239E+0	1.010E+0	1.309E+0	1.789E+0	8.478E-1	1.071E+0	1.366E+0	6.832E-1	1.229E-1	1.081E+0	9.900E-1	1.310E+0	9.974E-1	3.563E-1	6.832E-1	1.009E+0	8.260E-1	9.994E-1	1.106E+0	5.410E-1	1.181E+0	1.414E+0	1.395E+0	1.863E+0	2.287E+0	1.985E+0	1.727E+0	1.626E+0	2.222E+0	1.744E+0	1.944E+0	1.171E+0	9.562E-1	1.130E+0	1.083E+0	6.907E-1	9.815E-1	9.825E-1	7.702E-1	1.225E+0	1.548E+0	1.771E+0	7.786E-1	1.475E+0
1.859E+0	1.540E+0	5.939E-1	7.673E-1	1.628E+0	1.589E+0	1.371E+0	1.758E+0	1.128E+0	4.637E-1	6.910E-1	1.295E+0	8.640E-1	8.767E-1	1.458E+0	9.507E-1	1.392E+0	1.540E+0	1.000E+0	1.178E+0	9.864E-1	1.209E+0	1.301E+0	7.458E-1	4.066E-1	8.332E-1	1.342E+0	1.084E+0	8.124E-1	5.326E-1	1.021E+0	9.409E-1	3.936E-1	1.153E+0	1.330E+0	1.431E+0	9.877E-1	1.612E+0	1.558E+0	2.025E+0	2.132E+0	1.428E+0	1.395E+0	1.596E+0	1.177E+0	1.445E+0	9.344E-1	8.101E-1	6.842E-1	1.275E+0	1.166E+0	1.129E+0	1.299E+0	8.225E-1	1.372E+0	1.143E+0	8.539E-1	1.400E+0	1.943E+0	1.885E+0
1.413E+0	1.162E+0	1.061E+0	8.582E-1	7.364E-1	6.657E-1	1.599E+0	9.727E-1	1.384E+0	1.117E+0	6.916E-1	5.436E-1	4.215E-1	6.108E-1	1.575E+0	1.218E+0	1.221E+0	1.415E+0	1.418E+0	6.786E-1	1.091E+0	8.212E-1	6.114E-1	9.159E-1	1.174E+0	6.874E-1	1.024E+0	9.111E-1	1.226E+0	1.596E+0	8.650E-1	1.596E+0	1.535E+0	1.268E+0	7.634E-1	5.303E-1	1.258E+0	1.383E+0	1.452E+0	1.654E+0	1.228E+0	1.128E+0	8.497E-1	1.023E+0	1.257E+0	1.560E+0	1.444E+0	1.108E+0	1.565E+0	1.178E+0	1.781E+0	2.498E+0	2.423E+0	1.273E+0	1.385E+0	1.088E+0	1.218E+0	1.154E+0	1.035E+0	1.839E+0
1.517E+0	7.991E-1	1.250E+0	1.196E+0	1.307E+0	1.653E+0	1.572E+0	1.428E+0	1.008E+0	1.351E+0	5.150E-1	9.137E-1	1.168E+0	1.384E+0	1.254E+0	1.203E+0	1.258E+0	1.499E+0	1.891E+0	1.469E+0	5.741E-1	1.041E+0	7.569E-1	7.283E-1	3.949E-1	1.069E+0	4.560E-1	9.461E-1	9.679E-1	9.189E-1	8.630E-1	1.217E+0	9.413E-1	8.854E-1	1.082E+0	9.432E-1	8.088E-1	1.621E+0	1.118E+0	1.121E+0	1.286E+0	1.424E+0	1.642E+0	1.425E+0	1.306E+0	1.127E+0	1.178E+0	1.509E+0	1.257E+0	1.290E+0	1.628E+0	1.356E+0	1.511E+0	1.659E+0	1.760E+0	1.185E+0	7.890E-1	1.394E+0	1.618E+0	1.681E+0
7.423E-1	1.032E+0	1.259E+0	1.267E+0	9.198E-1	1.470E+0	9.198E-1	1.488E+0	6.420E-1	2.924E-1	1.465E+0	1.578E+0	5.241E-1	5.391E-1	1.157E+0	1.717E+0	1.096E+0	8.647E-1	1.166E+0	1.322E+0	2.881E-1	5.222E-1	6.806E-1	1.088E+0	9.740E-1	5.897E-1	7.867E-1	1.174E+0	6.670E-1	6.082E-1	7.043E-1	6.887E-1	7.329E-1	1.212E+0	1.573E+0	1.275E+0	8.731E-1	1.051E+0	4.134E-1	5.384E-1	9.396E-1	1.207E+0	1.723E+0	2.082E+0	1.268E+0	1.819E+0	1.652E+0	1.075E+0	8.384E-1	1.205E+0	9.568E-1	1.832E+0	1.484E+0	2.048E+0	8.241E-1	7.410E-1	1.906E+0	1.072E+0	1.430E+0	1.281E+0
1.181E+0	1.338E+0	8.919E-1	8.896E-1	1.558E+0	9.422E-1	1.068E+0	9.000E-1	6.644E-1	2.959E-1	5.163E-1	1.194E+0	7.861E-1	1.226E+0	1.528E+0	1.415E+0	1.800E+0	1.137E+0	9.685E-1	1.150E+0	4.128E-1	8.721E-1	1.090E+0	5.663E-1	4.836E-1	1.002E+0	1.008E+0	4.534E-1	7.131E-1	1.170E+0	8.659E-1	1.401E+0	1.514E+0	1.422E+0	9.695E-1	8.397E-1	8.887E-1	7.617E-1	5.365E-1	5.965E-1	1.620E+0	1.496E+0	1.736E+0	1.423E+0	1.471E+0	1.617E+0	5.858E-1	1.095E+0	1.526E+0	1.114E+0	6.907E-1	1.503E+0	9.013E-1	1.053E+0	1.432E+0	7.858E-1	4.592E-1	4.092E-1	2.294E-1	1.305E+0
1.175E+0	1.680E+0	1.469E+0	1.020E+0	1.236E+0	1.208E+0	1.324E+0	9.893E-1	1.217E+0	1.176E+0	6.971E-1	5.933E-1	5.962E-1	5.335E-1	1.575E+0	1.086E+0	1.542E+0	1.633E+0	9.870E-1	7.507E-1	4.738E-1	1.872E+0	1.543E+0	8.091E-1	1.202E+0	2.365E-1	5.391E-1	1.302E+0	1.501E+0	1.048E+0	1.417E+0	1.218E+0	1.271E+0	7.988E-1	5.163E-1	1.109E+0	9.552E-1	9.542E-1	8.643E-1	1.102E+0	1.693E+0	1.443E+0	1.146E+0	1.736E+0	9.650E-1	1.178E+0	8.517E-1	1.238E+0	9.727E-1	8.708E-1	8.130E-1	5.485E-1	1.462E+0	1.395E+0	1.007E+0	9.698E-1	6.543E-1	1.404E+0	9.114E-1	8.166E-1
1.640E+0	2.148E+0	1.946E+0	1.766E+0	2.292E+0	1.477E+0	1.103E+0	1.648E-1	1.319E+0	5.430E-1	3.186E-1	5.735E-1	1.000E+0	1.165E+0	1.379E+0	1.475E+0	1.977E+0	1.014E+0	1.239E+0	1.049E+0	1.089E+0	2.907E-1	8.471E-1	1.040E+0	1.507E+0	1.397E+0	1.005E+0	1.004E+0	6.364E-1	1.313E+0	1.233E+0	8.939E-1	7.601E-1	8.832E-1	1.168E+0	1.423E+0	1.413E+0	1.273E+0	1.086E+0	1.163E+0	1.503E+0	1.837E+0	1.746E+0	1.660E+0	1.777E+0	1.019E+0	1.198E+0	1.295E+0	7.754E-1	1.177E+0	1.230E+0	9.825E-1	2.059E+0	1.976E+0	5.900E-1	2.622E-1	5.118E-1	5.962E-1	8.416E-1	3.540E-1
1.934E+0	2.181E+0	1.841E+0	1.835E+0	2.084E+0	1.405E+0	1.148E+0	1.295E+0	5.926E-1	1.075E+0	7.939E-1	1.600E+0	1.353E+0	1.501E+0	8.348E-1	1.225E+0	8.410E-1	8.406E-1	1.205E+0	1.115E+0	7.507E-1	7.530E-1	7.507E-1	1.323E+0	1.424E+0	8.530E-1	1.078E+0	1.173E+0	1.387E+0	1.330E+0	1.469E+0	1.226E+0	1.167E+0	1.610E+0	1.404E+0	1.552E+0	1.597E+0	8.384E-1	1.240E+0	1.309E+0	1.686E+0	1.460E+0	1.553E+0	1.772E+0	1.398E+0	1.857E+0	1.740E+0	1.502E+0	1.495E+0	1.305E+0	1.714E+0	1.069E+0	1.241E+0	1.318E+0	1.601E+0	1.701E+0	2.100E+0	1.111E+0	5.215E-1	8.478E-1
1.937E+0	1.920E+0	2.300E+0	1.897E+0	2.023E+0	2.310E+0	1.656E+0	1.730E+0	1.175E+0	9.682E-1	1.498E+0	2.179E+0	1.353E+0	1.920E+0	1.589E+0	1.469E+0	1.120E+0	4.404E-1	1.114E+0	8.741E-1	8.082E-1	8.127E-1	8.429E-1	7.290E-1	3.066E-1	6.848E-1	7.994E-1	6.488E-1	1.068E+0	8.903E-1	1.027E+0	1.516E+0	1.051E+0	1.657E+0	1.091E+0	1.359E+0	1.555E+0	1.705E+0	1.009E+0	8.052E-1	1.104E+0	1.466E+0	1.361E+0	1.764E+0	2.093E+0	2.326E+0	2.031E+0	1.815E+0	2.953E-1	9.043E-1	6.699E-1	1.305E+0	9.153E-1	1.594E+0	1.183E+0	8.991E-1	1.276E+0	2.190E-1	4.998E-1	2.714E-2
1.268E+0	1.098E+0	1.282E+0	1.830E+0	1.691E+0	1.331E+0	1.639E+0	1.440E+0	1.344E+0	1.507E+0	1.505E+0	1.619E+0	1.523E+0	1.135E+0	1.553E+0	1.420E+0	2.635E-1	4.900E-1	-9.102E-2	8.182E-1	1.192E+0	1.143E+0	7.111E-1	5.624E-1	1.159E+0	1.689E+0	1.747E+0	9.299E-1	1.053E+0	1.340E+0	1.299E+0	1.207E+0	1.261E+0	7.442E-1	1.453E+0	1.728E+0	1.305E+0	1.662E+0	1.071E+0	1.216E+0	1.974E+0	1.928E+0	2.476E+0	2.120E+0	1.924E+0	2.130E+0	1.365E+0	9.685E-1	1.209E+0	1.494E+0	5.047E-1	1.220E+0	1.479E+0	2.024E+0	8.478E-1	6.530E-1	1.275E+0	9.091E-1	3.521E-1	3.521E-1
1.724E+0	1.776E+0	1.549E+0	1.316E+0	1.007E+0	1.031E+0	1.105E+0	1.674E+0	2.015E+0	1.490E+0	8.987E-1	8.896E-1	1.339E+0	1.270E+0	5.095E-1	1.198E+0	1.104E+0	5.608E-1	8.221E-1	8.299E-1	4.375E-1	6.803E-1	8.390E-1	7.851E-1	1.393E+0	1.377E+0	1.895E+0	1.437E+0	6.452E-1	5.228E-1	5.420E-1	1.464E+0	1.301E+0	8.536E-1	1.382E+0	1.516E+0	1.049E+0	1.020E+0	7.442E-1	1.583E+0	1.947E+0	1.838E+0	1.227E+0	1.086E+0	1.212E+0	1.640E+0	1.335E+0	1.192E+0	1.319E+0	6.426E-1	3.907E-1	3.930E-1	1.366E+0	1.458E+0	1.360E+0	8.939E-1	7.046E-1	1.015E+0	1.529E+0	1.971E+0
2.285E+0	2.333E+0	2.426E+0	2.462E+0	2.353E+0	1.536E+0	1.106E+0	7.630E-1	1.566E+0	1.949E+0	9.166E-1	9.942E-1	8.637E-1	1.409E+0	1.378E+0	1.548E+0	2.833E-1	2.982E-1	8.387E-1	9.913E-1	9.374E-1	1.030E+0	1.054E+0	5.946E-1	9.689E-1	1.318E+0	1.672E+0	7.413E-1	1.565E+0	7.251E-1	1.134E+0	1.428E+0	1.068E+0	1.318E+0	1.477E+0	1.231E+0	8.244E-1	9.812E-1	1.052E+0	1.494E+0	1.060E+0	1.311E+0	1.491E+0	1.673E+0	9.448E-1	9.370E-1	8.890E-1	8.455E-1	2.469E-1	1.057E+0	8.267E-1	8.189E-1	1.034E+0	7.426E-1	1.354E+0	1.300E+0	6.562E-1	9.526E-1	9.809E-1	9.974E-1
1.493E+0	1.714E+0	2.031E+0	1.995E+0	1.473E+0	1.671E+0	9.555E-1	1.027E+0	8.124E-1	9.666E-1	9.302E-1	1.057E+0	1.407E+0	1.169E+0	1.007E+0	1.159E+0	5.884E-1	9.305E-1	5.985E-1	5.887E-1	4.439E-1	7.913E-1	8.208E-1	7.702E-1	7.283E-1	7.553E-1	9.659E-1	1.055E+0	5.959E-1	8.549E-1	1.203E+0	1.173E+0	8.627E-1	8.841E-1	1.128E+0	1.414E+0	5.803E-1	1.062E+0	1.151E+0	1.160E+0	7.484E-1	6.147E-1	9.750E-1	1.462E+0	7.897E-1	8.163E-1	1.386E+0	1.218E+0	1.700E+0	1.105E+0	8.556E-1	3.845E-1	7.007E-1	8.825E-1	6.884E-1	6.277E-1	2.764E-1	-2.610E-2	1.076E+0	1.205E+0
1.003E+0	1.011E+0	7.319E-1	8.091E-1	1.050E+0	6.118E-1	1.653E+0	1.887E+0	1.392E+0	8.867E-1	1.112E+0	1.484E+0	1.573E+0	1.798E+0	1.089E+0	1.317E+0	1.325E+0	9.679E-1	9.507E-1	9.228E-1	6.877E-1	1.036E+0	6.004E-1	5.348E-1	4.943E-1	6.894E-1	5.024E-1	3.521E-1	4.764E-1	5.163E-1	9.370E-1	1.195E+0	1.647E+0	1.095E+0	9.215E-1	1.231E+0	6.358E-1	8.546E-1	1.336E+0	1.021E+0	6.868E-1	6.218E-1	6.640E-1	3.816E-1	8.143E-1	9.043E-1	6.293E-1	9.549E-1	8.591E-1	6.485E-1	4.521E-1	1.146E+0	1.302E+0	9.841E-1	2.030E+0	1.587E+0	1.388E+0	1.422E+0	1.799E+0	1.836E+0
1.122E+0	9.520E-1	9.896E-1	1.244E+0	1.060E+0	6.793E-1	1.013E+0	7.864E-1	1.557E+0	1.218E+0	1.604E+0	1.763E+0	2.246E+0	1.774E+0	1.366E+0	1.528E+0	1.393E+0	1.362E+0	1.320E+0	1.240E+0	9.140E-1	9.406E-1	7.075E-1	6.621E-1	1.212E+0	2.943E-1	4.079E-1	8.919E-1	4.358E-1	7.293E-1	1.684E+0	1.378E+0	9.692E-1	9.403E-1	1.004E+0	8.289E-1	8.267E-1	7.247E-1	4.436E-1	1.086E+0	7.069E-1	5.988E-1	7.845E-1	1.042E+0	7.108E-1	1.271E+0	8.111E-1	1.175E+0	1.445E+0	8.199E-1	1.353E+0	9.792E-1	5.920E-1	1.003E+0	6.105E-1	9.234E-1	1.157E+0	1.305E+0	1.445E+0	1.305E+0
1.060E+0	7.280E-1	1.461E+0	1.897E+0	1.654E+0	1.154E+0	1.242E+0	7.484E-1	2.875E-1	6.887E-1	9.747E-1	1.409E+0	1.720E+0	1.151E+0	7.965E-1	7.234E-1	1.239E+0	1.190E+0	7.442E-1	5.780E-1	3.930E-1	6.397E-1	1.042E+0	1.181E+0	1.403E+0	7.173E-1	1.643E+0	1.625E+0	1.718E+0	7.695E-1	2.073E-1	6.257E-1	8.939E-1	1.343E+0	1.052E+0	1.158E+0	8.981E-1	3.907E-1	4.936E-1	9.971E-1	1.072E+0	1.019E+0	8.883E-1	9.059E-1	1.703E+0	1.995E+0	1.022E+0	2.573E-1	8.533E-1	1.724E+0	1.597E+0	1.370E+0	1.083E+0	8.491E-1	1.153E+0	9.224E-1	1.310E+0	1.225E+0	1.077E+0	1.633E+0
1.461E+0	1.340E+0	8.001E-1	1.079E+0	1.339E+0	8.783E-1	8.354E-1	9.698E-1	1.171E+0	1.250E+0	9.997E-1	2.056E+0	2.033E+0	1.138E+0	1.318E+0	1.265E+0	1.360E+0	8.565E-1	1.070E+0	2.700E-1	7.900E-1	1.424E+0	1.788E+0	1.436E+0	1.014E+0	6.715E-1	1.047E+0	1.126E+0	1.344E+0	1.028E+0	1.050E+0	1.169E+0	8.341E-1	8.026E-1	1.534E+0	1.715E+0	1.682E+0	1.267E+0	8.883E-1	6.670E-1	1.137E+0	1.341E+0	8.049E-1	1.218E+0	1.790E+0	5.933E-1	2.287E-1	9.990E-1	1.828E+0	1.337E+0	1.372E+0	1.507E+0	1.685E+0	1.660E+0	1.272E+0	1.518E+0	7.280E-1	1.390E+0	1.295E+0	1.338E+0
4.926E-1	1.048E+0	1.067E+0	1.015E+0	6.079E-1	3.401E-1	4.952E-1	1.041E+0	9.727E-1	1.018E+0	8.812E-1	1.635E+0	1.408E+0	8.445E-1	2.060E-1	7.686E-1	9.909E-1	1.565E+0	1.286E+0	1.441E+0	1.268E+0	6.527E-1	4.647E-1	5.173E-1	1.327E+0	1.506E+0	1.356E+0	1.404E+0	1.061E+0	8.114E-1	1.238E+0	1.293E+0	1.383E+0	1.110E+0	1.556E+0	1.016E+0	8.098E-1	1.265E+0	1.416E+0	1.220E+0	1.204E+0	1.518E+0	8.312E-1	1.390E+0	1.623E+0	1.144E+0	1.452E+0	1.243E+0	1.239E+0	1.172E+0	1.765E+0	1.988E+0	6.416E-1	1.217E+0	1.374E+0	8.978E-1	4.823E-1	6.306E-1	8.896E-1	8.877E-1
8.195E-1	1.251E+0	5.774E-1	4.887E-1	1.002E+0	1.141E+0	1.467E+0	1.296E+0	1.739E+0	1.128E+0	1.260E+0	1.370E+0	1.269E+0	1.332E+0	9.565E-1	1.175E+0	1.594E+0	1.436E+0	1.308E+0	9.711E-1	1.108E+0	1.147E+0	1.506E+0	1.347E+0	1.611E+0	1.703E+0	1.479E+0	8.510E-1	1.093E+0	8.666E-1	1.410E+0	1.112E+0	8.883E-1	1.212E+0	8.455E-1	1.097E+0	8.630E-1	9.497E-1	9.354E-1	5.538E-2	5.193E-1	1.077E+0	8.130E-1	1.382E+0	1.302E+0	8.189E-1	8.169E-1	1.597E+0	1.608E+0	1.792E+0	1.175E+0	1.230E+0	1.594E+0	1.154E+0	1.365E+0	8.221E-1	5.589E-1	1.068E+0	1.459E+0	1.470E+0
5.702E-1	7.303E-1	9.478E-1	6.137E-1	1.185E+0	1.434E+0	1.915E+0	1.742E+0	1.112E+0	1.027E+0	8.958E-1	9.309E-1	6.024E-1	1.286E+0	1.378E+0	2.320E-1	3.995E-1	1.198E+0	1.634E+0	1.216E+0	1.071E+0	1.453E+0	7.877E-1	1.004E+0	1.098E+0	1.299E+0	1.149E+0	1.534E+0	1.864E+0	1.341E+0	1.660E+0	9.390E-1	6.939E-1	1.276E+0	1.620E+0	9.195E-1	8.896E-1	9.036E-1	1.401E+0	1.118E+0	9.231E-1	8.929E-1	6.166E-1	8.663E-1	8.400E-1	1.359E+0	1.546E+0	1.350E+0	1.504E+0	1.284E+0	1.535E+0	1.352E+0	1.166E+0	1.673E+0	1.067E+0	8.767E-1	1.092E+0	1.322E+0	5.907E-1	1.397E+0
3.985E-1	1.003E+0	1.094E+0	9.354E-1	2.683E-1	1.043E+0	1.565E+0	1.252E+0	1.041E+0	1.347E+0	5.144E-1	5.011E-1	6.001E-1	7.751E-1	7.991E-1	6.089E-1	1.141E+0	1.679E+0	5.861E-1	1.277E+0	1.394E+0	1.167E+0	9.867E-1	1.223E+0	1.043E+0	1.023E+0	1.766E+0	1.748E+0	1.369E+0	8.669E-1	1.430E+0	1.272E+0	9.672E-1	9.523E-1	1.015E+0	7.098E-1	5.154E-1	1.043E+0	9.874E-1	1.229E+0	7.871E-1	9.263E-1	1.113E+0	1.325E+0	1.164E+0	1.034E+0	1.247E+0	1.648E+0	1.364E+0	1.341E+0	1.211E+0	1.622E+0	1.380E+0	1.195E+0	1.459E+0	1.355E+0	1.177E+0	7.669E-1	1.262E+0	6.579E-1
9.500E-1	1.111E+0	1.407E+0	9.377E-1	1.565E+0	5.202E-1	3.777E-1	6.017E-1	4.151E-1	1.093E+0	1.028E+0	7.208E-1	8.036E-1	8.111E-1	5.845E-1	1.151E+0	8.403E-1	1.083E+0	1.060E+0	6.825E-1	1.095E+0	1.281E+0	1.260E+0	9.065E-1	2.930E-1	2.057E-1	5.485E-1	8.267E-1	7.669E-1	6.085E-1	1.668E+0	1.507E+0	1.322E+0	8.763E-1	8.393E-1	1.150E+0	1.067E+0	1.282E+0	1.294E+0	1.084E+0	1.301E+0	8.241E-1	8.393E-1	1.397E+0	8.494E-1	1.176E+0	1.562E+0	1.644E+0	1.339E+0	1.796E+0	1.840E+0	1.710E+0	1.295E+0	1.567E+0	1.466E+0	1.337E+0	1.111E+0	9.799E-1	1.382E+0	1.373E+0
1.118E+0	8.698E-1	7.137E-1	1.022E+0	7.316E-1	8.695E-1	7.131E-1	1.514E+0	9.770E-1	7.819E-1	1.225E+0	1.383E+0	4.112E-1	7.007E-1	1.105E+0	9.260E-1	1.051E+0	1.471E+0	1.278E+0	1.096E+0	8.634E-1	1.232E+0	1.132E+0	1.088E+0	1.036E+0	1.014E+0	7.965E-1	9.935E-1	7.264E-1	3.758E-1	1.413E+0	1.649E+0	1.405E+0	9.439E-1	1.337E+0	1.741E+0	1.524E+0	6.835E-1	8.286E-1	9.838E-1	1.184E+0	1.175E+0	1.285E+0	1.319E+0	1.045E+0	1.429E+0	1.547E+0	8.627E-1	1.894E+0	2.592E+0	2.107E+0	2.387E+0	1.380E+0	1.521E+0	1.339E+0	1.517E+0	1.657E+0	1.643E+0	1.756E+0	1.575E+0
1.765E+0	9.598E-1	1.567E+0	1.430E+0	1.673E+0	1.618E+0	1.515E+0	1.559E+0	4.245E-1	8.036E-1	1.168E+0	1.202E+0	1.311E+0	1.105E+0	1.059E+0	1.389E+0	1.579E+0	1.679E+0	2.065E+0	1.829E+0	2.026E+0	1.280E+0	1.344E+0	1.132E+0	1.144E+0	8.848E-1	1.167E+0	1.694E+0	1.689E+0	1.350E+0	1.202E+0	9.731E-1	1.329E+0	4.459E-1	4.193E-1	1.346E+0	4.709E-1	5.530E-1	1.044E+0	1.220E+0	2.497E+0	2.608E+0	2.375E+0	1.708E+0	1.332E+0	1.009E+0	1.085E+0	1.110E+0	1.296E+0	2.152E+0	1.975E+0	2.073E+0	2.080E+0	1.520E+0	1.847E+0	2.337E+0	1.416E+0	2.179E+0	2.137E+0	2.313E+0
1.362E+0	9.562E-1	1.501E+0	1.462E+0	1.016E+0	1.028E+0	1.731E+0	1.258E+0	5.832E-1	7.234E-1	1.063E+0	1.389E+0	1.243E+0	3.485E-1	5.011E-1	1.356E+0	1.197E+0	1.385E+0	1.252E+0	1.162E+0	8.643E-1	1.276E+0	8.500E-1	1.507E+0	1.071E+0	3.936E-1	1.054E+0	1.099E+0	1.381E+0	1.179E+0	1.295E+0	8.017E-1	7.036E-1	7.176E-1	1.166E+0	9.348E-1	1.963E+0	1.370E+0	1.493E+0	1.817E+0	1.585E+0	1.429E+0	1.220E+0	6.760E-1	1.301E+0	1.381E+0	1.794E+0	1.208E+0	1.598E+0	1.749E+0	2.331E+0	2.566E+0	2.180E+0	1.895E+0	2.003E+0	1.871E+0	1.696E+0	2.071E+0	2.577E+0	2.417E+0
1.643E+0	1.786E+0	1.071E+0	1.200E+0	1.328E+0	1.468E+0	9.159E-1	1.289E+0	7.790E-1	8.708E-1	1.143E+0	1.265E+0	9.964E-1	9.630E-1	1.431E+0	9.516E-1	1.328E+0	1.172E+0	6.783E-1	7.338E-1	1.061E+0	1.343E+0	1.516E+0	1.475E+0	8.244E-1	1.659E+0	1.489E+0	1.021E+0	1.590E+0	1.722E+0	1.601E+0	9.607E-1	1.093E+0	9.802E-1	1.019E+0	1.775E+0	1.589E+0	1.474E+0	1.314E+0	1.193E+0	1.909E+0	1.075E+0	1.007E+0	1.042E+0	1.380E+0	1.406E+0	1.158E+0	1.840E+0	1.683E+0	1.944E+0	1.737E+0	2.104E+0	2.128E+0	2.293E+0	1.837E+0	1.912E+0	1.690E+0	1.305E+0	1.840E+0	2.116E+0
