5.381E+0	5.732E+0	6.208E+0	6.727E+0	6.961E+0	6.748E+0	6.847E+0	6.588E+0	6.595E+0	6.538E+0	6.493E+0	6.231E+0	6.052E+0	6.059E+0	6.249E+0	6.248E+0	6.090E+0	5.256E+0	4.620E+0	4.666E+0
5.773E+0	5.932E+0	6.311E+0	6.807E+0	6.422E+0	6.196E+0	6.447E+0	6.562E+0	6.375E+0	6.085E+0	5.989E+0	5.764E+0	5.550E+0	5.850E+0	6.135E+0	6.121E+0	5.449E+0	5.180E+0	5.429E+0	5.267E+0
5.678E+0	5.585E+0	5.553E+0	6.087E+0	5.688E+0	5.664E+0	5.859E+0	5.775E+0	5.933E+0	5.852E+0	5.694E+0	5.471E+0	5.720E+0	5.603E+0	5.360E+0	5.339E+0	5.372E+0	5.403E+0	5.761E+0	5.687E+0
5.793E+0	5.697E+0	5.645E+0	5.946E+0	5.867E+0	5.993E+0	6.123E+0	6.341E+0	6.419E+0	6.048E+0	5.577E+0	5.347E+0	5.811E+0	5.927E+0	5.691E+0	5.630E+0	6.060E+0	6.055E+0	5.888E+0	5.917E+0
6.353E+0	6.489E+0	6.229E+0	6.048E+0	5.796E+0	6.114E+0	6.535E+0	6.222E+0	6.003E+0	5.762E+0	5.709E+0	5.760E+0	5.928E+0	5.893E+0	5.760E+0	5.417E+0	5.427E+0	5.395E+0	5.365E+0	5.322E+0
6.196E+0	5.938E+0	5.968E+0	5.946E+0	5.868E+0	6.122E+0	6.433E+0	6.448E+0	6.134E+0	6.112E+0	6.056E+0	6.113E+0	6.285E+0	6.074E+0	5.672E+0	5.221E+0	4.717E+0	5.060E+0	4.922E+0	5.135E+0
5.470E+0	5.580E+0	5.595E+0	5.918E+0	5.872E+0	5.759E+0	5.868E+0	5.862E+0	5.956E+0	5.996E+0	5.924E+0	5.868E+0	5.803E+0	5.334E+0	5.363E+0	5.486E+0	5.437E+0	4.993E+0	4.268E+0	4.518E+0
5.732E+0	5.634E+0	5.520E+0	5.553E+0	5.488E+0	5.105E+0	5.535E+0	5.824E+0	5.964E+0	6.265E+0	6.046E+0	5.709E+0	5.258E+0	4.949E+0	4.919E+0	5.155E+0	5.338E+0	4.487E+0	4.223E+0	4.613E+0
6.037E+0	6.000E+0	5.732E+0	5.879E+0	5.576E+0	5.255E+0	5.361E+0	5.653E+0	6.064E+0	6.325E+0	6.127E+0	5.510E+0	5.259E+0	5.036E+0	5.020E+0	4.798E+0	4.525E+0	4.262E+0	4.295E+0	4.797E+0
5.990E+0	5.988E+0	5.741E+0	5.618E+0	5.613E+0	5.600E+0	5.635E+0	5.808E+0	5.610E+0	5.209E+0	5.272E+0	5.644E+0	5.549E+0	5.253E+0	4.721E+0	4.032E+0	3.645E+0	3.810E+0	4.033E+0	4.268E+0
5.007E+0	4.919E+0	4.942E+0	5.037E+0	5.343E+0	5.581E+0	5.678E+0	6.099E+0	6.172E+0	6.193E+0	6.223E+0	6.269E+0	6.496E+0	6.241E+0	5.434E+0	4.669E+0	4.407E+0	4.427E+0	4.621E+0	4.665E+0
4.868E+0	4.777E+0	4.927E+0	4.850E+0	5.279E+0	5.379E+0	5.009E+0	5.232E+0	5.473E+0	5.615E+0	5.480E+0	5.352E+0	5.826E+0	6.254E+0	5.987E+0	5.318E+0	5.153E+0	5.024E+0	4.754E+0	4.372E+0
5.042E+0	5.217E+0	4.893E+0	4.789E+0	5.051E+0	5.181E+0	5.077E+0	5.197E+0	5.102E+0	5.217E+0	4.793E+0	4.951E+0	4.781E+0	4.685E+0	4.672E+0	4.694E+0	5.068E+0	4.740E+0	4.296E+0	3.474E+0
5.189E+0	5.544E+0	5.077E+0	4.328E+0	4.509E+0	5.027E+0	5.021E+0	5.152E+0	5.092E+0	4.897E+0	4.680E+0	5.041E+0	4.984E+0	4.733E+0	4.626E+0	4.937E+0	4.702E+0	4.084E+0	3.614E+0	3.095E+0
5.197E+0	5.090E+0	4.463E+0	4.377E+0	5.042E+0	5.397E+0	4.902E+0	4.615E+0	4.302E+0	4.498E+0	4.901E+0	5.115E+0	4.690E+0	4.243E+0	4.220E+0	4.867E+0	4.841E+0	4.309E+0	3.568E+0	3.349E+0
4.855E+0	4.777E+0	4.706E+0	4.834E+0	4.879E+0	5.120E+0	4.786E+0	4.587E+0	4.337E+0	4.102E+0	4.219E+0	4.206E+0	4.492E+0	4.325E+0	3.987E+0	3.825E+0	3.857E+0	3.871E+0	3.243E+0	3.054E+0
4.686E+0	4.825E+0	4.759E+0	4.685E+0	4.587E+0	4.712E+0	4.467E+0	4.054E+0	4.052E+0	3.861E+0	4.102E+0	4.229E+0	4.216E+0	4.334E+0	4.369E+0	4.134E+0	3.707E+0	3.674E+0	3.431E+0	3.531E+0
4.825E+0	5.038E+0	4.778E+0	4.441E+0	4.361E+0	4.615E+0	4.479E+0	4.241E+0	4.363E+0	4.287E+0	4.177E+0	4.526E+0	4.541E+0	4.335E+0	4.125E+0	4.105E+0	4.220E+0	4.317E+0	4.134E+0	3.900E+0
4.358E+0	4.207E+0	4.346E+0	4.532E+0	4.767E+0	4.620E+0	4.213E+0	4.144E+0	4.210E+0	4.542E+0	4.416E+0	4.271E+0	4.509E+0	4.585E+0	4.136E+0	3.982E+0	3.651E+0	3.654E+0	3.636E+0	3.412E+0
3.793E+0	3.949E+0	4.274E+0	4.830E+0	4.851E+0	4.488E+0	4.169E+0	4.084E+0	4.437E+0	4.783E+0	4.639E+0	4.211E+0	4.247E+0	4.769E+0	4.599E+0	4.447E+0	4.293E+0	3.762E+0	3.238E+0	2.870E+0
