1.158E+0	1.421E+0	1.419E+0	1.028E+0	9.900E-1	1.025E+0	1.251E+0	9.104E-1	1.167E+0	9.792E-1	7.189E-1	7.517E-1	7.033E-1	1.098E+0	1.038E+0	1.046E+0	7.624E-1	6.364E-1	9.958E-1	1.293E+0	1.128E+0	1.023E+0	7.903E-1	9.409E-1	6.907E-1	8.556E-1	1.124E+0	7.247E-1	8.393E-1	7.549E-1	8.802E-1	9.689E-1	1.111E+0	9.328E-1	9.471E-1	7.595E-1	6.108E-1	7.046E-1	8.416E-1	7.815E-1	4.998E-1	7.793E-1	6.738E-1	1.073E+0	1.233E+0	8.864E-1	1.188E+0	1.457E+0	1.498E+0	1.562E+0
1.054E+0	1.112E+0	1.019E+0	8.666E-1	9.390E-1	1.091E+0	1.246E+0	1.347E+0	1.093E+0	1.160E+0	1.056E+0	9.604E-1	7.368E-1	1.190E+0	1.193E+0	9.614E-1	9.503E-1	2.966E-1	5.034E-1	4.378E-1	6.848E-1	9.276E-1	5.949E-1	8.026E-1	1.027E+0	9.825E-1	7.955E-1	1.074E+0	1.044E+0	1.074E+0	1.137E+0	1.114E+0	1.068E+0	1.228E+0	1.261E+0	9.977E-1	7.429E-1	1.057E+0	7.380E-1	8.270E-1	9.185E-1	8.744E-1	8.289E-1	1.084E+0	1.078E+0	1.130E+0	1.446E+0	1.578E+0	1.451E+0	1.763E+0
1.413E+0	1.385E+0	1.387E+0	1.371E+0	1.216E+0	9.951E-1	1.103E+0	1.162E+0	1.124E+0	6.556E-1	7.455E-1	7.887E-1	8.448E-1	1.041E+0	8.750E-1	5.624E-1	5.975E-1	3.076E-1	4.774E-1	6.660E-1	8.403E-1	8.221E-1	5.884E-1	5.219E-1	1.112E+0	8.835E-1	8.221E-1	1.216E+0	9.458E-1	9.481E-1	1.395E+0	1.273E+0	1.183E+0	1.611E+0	1.811E+0	1.534E+0	1.137E+0	8.961E-1	1.196E+0	8.001E-1	5.267E-1	6.825E-1	7.676E-1	1.049E+0	1.149E+0	1.030E+0	1.429E+0	1.871E+0	1.926E+0	2.192E+0
2.022E+0	1.765E+0	1.598E+0	1.561E+0	1.290E+0	1.198E+0	1.249E+0	9.906E-1	6.705E-1	4.011E-1	5.154E-1	3.151E-1	8.234E-1	7.465E-1	6.166E-1	7.656E-1	9.312E-1	8.078E-1	8.095E-1	6.855E-1	7.835E-1	5.881E-1	4.761E-1	4.141E-1	6.040E-1	7.468E-1	6.640E-1	8.841E-1	1.159E+0	1.424E+0	1.829E+0	1.998E+0	2.081E+0	1.593E+0	1.429E+0	1.491E+0	1.429E+0	1.253E+0	1.049E+0	8.328E-1	9.312E-1	9.698E-1	7.322E-1	7.075E-1	1.005E+0	9.465E-1	9.445E-1	1.104E+0	1.925E+0	2.277E+0
1.772E+0	1.734E+0	1.574E+0	1.259E+0	8.082E-1	5.845E-1	8.978E-1	1.028E+0	1.011E+0	3.677E-1	1.063E-1	4.482E-1	7.312E-1	9.023E-1	4.293E-1	3.673E-1	4.164E-1	4.004E-1	4.001E-1	7.445E-1	4.774E-1	9.542E-1	5.481E-1	4.228E-1	7.030E-1	5.598E-1	8.160E-1	1.011E+0	1.282E+0	1.653E+0	1.385E+0	1.476E+0	1.565E+0	1.159E+0	1.095E+0	1.057E+0	1.247E+0	1.051E+0	7.692E-1	7.994E-1	8.487E-1	9.708E-1	8.647E-1	8.861E-1	1.015E+0	9.539E-1	1.080E+0	1.312E+0	1.434E+0	1.795E+0
1.333E+0	1.392E+0	8.530E-1	4.761E-1	9.046E-1	7.945E-1	6.111E-1	2.420E-1	6.491E-1	7.462E-1	7.406E-1	5.865E-1	4.225E-1	5.670E-1	7.397E-1	5.128E-1	4.599E-1	6.277E-1	3.803E-1	4.930E-1	3.384E-1	4.797E-1	6.462E-1	5.608E-1	4.306E-1	5.621E-1	9.237E-1	1.195E+0	1.387E+0	1.186E+0	1.273E+0	1.292E+0	1.379E+0	1.154E+0	1.228E+0	1.112E+0	9.468E-1	9.624E-1	8.559E-1	9.672E-1	9.377E-1	8.169E-1	1.012E+0	1.330E+0	1.385E+0	1.566E+0	1.193E+0	1.211E+0	1.189E+0	1.361E+0
6.760E-1	7.916E-1	3.677E-1	5.865E-1	4.985E-1	5.903E-1	5.452E-1	8.257E-1	6.212E-1	5.832E-1	7.614E-1	9.916E-1	8.685E-1	8.572E-1	9.292E-1	6.134E-1	6.319E-1	8.325E-1	7.604E-1	7.001E-1	8.439E-1	6.825E-1	6.303E-1	7.406E-1	7.124E-1	9.172E-1	1.116E+0	1.312E+0	1.289E+0	1.427E+0	1.334E+0	1.301E+0	1.099E+0	7.501E-1	8.231E-1	6.085E-1	4.547E-1	8.163E-1	1.073E+0	1.170E+0	1.446E+0	1.520E+0	1.308E+0	1.377E+0	1.411E+0	1.273E+0	1.258E+0	1.239E+0	1.150E+0	1.056E+0
5.936E-1	6.809E-1	5.537E-1	6.449E-1	6.501E-1	8.835E-1	1.071E+0	1.319E+0	1.140E+0	9.695E-1	6.894E-1	9.783E-1	8.598E-1	8.692E-1	6.663E-1	6.796E-1	8.166E-1	6.806E-1	5.027E-1	7.728E-1	4.900E-1	7.546E-1	8.968E-1	9.630E-1	8.390E-1	7.488E-1	1.286E+0	1.708E+0	1.652E+0	1.424E+0	1.521E+0	1.451E+0	1.085E+0	6.124E-1	7.867E-1	3.154E-1	5.092E-1	8.832E-1	1.181E+0	1.775E+0	1.652E+0	1.659E+0	1.764E+0	1.658E+0	1.527E+0	1.647E+0	1.588E+0	1.288E+0	1.390E+0	8.627E-1
8.205E-1	9.951E-1	1.107E+0	1.056E+0	5.186E-1	7.929E-1	9.633E-1	1.252E+0	1.399E+0	1.041E+0	9.763E-1	8.806E-1	8.952E-1	9.085E-1	8.731E-1	7.403E-1	6.459E-1	6.595E-1	3.988E-1	7.559E-1	8.156E-1	9.270E-1	8.754E-1	9.734E-1	9.280E-1	1.229E+0	1.338E+0	1.185E+0	1.453E+0	1.306E+0	9.370E-1	9.052E-1	8.416E-1	9.474E-1	8.358E-1	9.893E-1	7.802E-1	8.796E-1	1.418E+0	1.477E+0	1.721E+0	1.254E+0	1.544E+0	1.773E+0	1.383E+0	1.355E+0	1.383E+0	1.330E+0	1.209E+0	9.951E-1
1.062E+0	9.396E-1	6.254E-1	9.107E-1	1.280E+0	1.590E+0	1.514E+0	9.620E-1	9.877E-1	9.753E-1	1.106E+0	9.708E-1	1.098E+0	1.283E+0	7.475E-1	4.047E-1	2.583E-1	3.006E-2	2.755E-1	3.151E-1	2.696E-1	1.320E-1	4.810E-1	8.997E-1	9.909E-1	9.919E-1	8.367E-1	8.533E-1	8.747E-1	9.023E-1	7.192E-1	6.316E-1	9.328E-1	8.948E-1	1.091E+0	1.067E+0	1.223E+0	1.270E+0	1.469E+0	1.788E+0	1.712E+0	1.641E+0	1.931E+0	1.596E+0	1.512E+0	1.466E+0	1.318E+0	1.405E+0	1.628E+0	1.595E+0
7.923E-1	6.050E-1	7.738E-1	7.760E-1	8.095E-1	9.280E-1	1.255E+0	1.392E+0	8.101E-1	4.800E-1	7.520E-1	9.013E-1	8.627E-1	8.786E-1	4.621E-1	4.660E-1	4.280E-1	4.563E-1	4.904E-1	4.800E-1	4.495E-1	5.228E-1	6.127E-1	6.085E-1	7.790E-1	1.102E+0	1.132E+0	9.072E-1	9.598E-1	8.007E-1	4.131E-1	4.478E-1	5.985E-1	8.247E-1	7.754E-1	8.530E-1	7.958E-1	9.763E-1	1.397E+0	1.479E+0	1.256E+0	1.142E+0	1.084E+0	1.317E+0	1.318E+0	1.259E+0	1.143E+0	1.385E+0	1.066E+0	1.343E+0
5.517E-1	7.267E-1	9.156E-1	7.653E-1	6.374E-1	1.149E+0	1.254E+0	1.062E+0	8.987E-1	9.133E-1	8.702E-1	4.982E-1	6.592E-1	6.358E-1	6.014E-1	4.394E-1	6.270E-1	7.241E-1	5.225E-1	4.014E-1	5.439E-1	5.098E-1	6.829E-1	7.812E-1	8.783E-1	6.027E-1	2.589E-1	5.676E-1	8.669E-1	5.751E-1	3.862E-1	7.890E-1	8.663E-1	9.208E-1	9.049E-1	8.039E-1	8.218E-1	9.354E-1	8.494E-1	1.279E+0	1.226E+0	9.653E-1	8.179E-1	9.916E-1	1.117E+0	1.046E+0	1.168E+0	1.415E+0	1.363E+0	1.480E+0
4.676E-1	4.177E-1	6.296E-1	7.221E-1	8.075E-1	1.209E+0	1.121E+0	6.605E-1	6.946E-1	4.076E-1	5.709E-1	4.894E-1	8.870E-1	9.637E-1	8.913E-1	6.449E-1	8.465E-1	1.032E+0	7.815E-1	6.420E-1	6.137E-1	8.325E-1	4.394E-1	4.787E-1	3.410E-1	4.475E-1	7.616E-2	3.589E-1	4.514E-1	4.897E-1	2.784E-1	5.430E-1	8.789E-1	5.702E-1	9.280E-1	9.049E-1	9.484E-1	7.432E-1	7.501E-1	1.008E+0	1.201E+0	6.069E-1	2.738E-1	6.806E-1	1.017E+0	1.016E+0	1.473E+0	1.837E+0	1.678E+0	1.401E+0
4.839E-1	7.777E-1	8.319E-1	1.086E+0	1.240E+0	1.111E+0	1.080E+0	1.136E+0	9.938E-1	7.919E-1	7.621E-1	8.676E-1	7.679E-1	1.894E-1	6.179E-1	5.154E-1	6.890E-1	9.643E-1	7.669E-1	1.053E+0	8.423E-1	7.101E-1	4.426E-1	7.303E-1	4.550E-1	5.757E-1	6.199E-1	4.475E-1	7.640E-1	6.020E-1	7.234E-1	4.693E-1	6.150E-1	1.018E+0	1.226E+0	9.666E-1	8.189E-1	1.110E+0	9.773E-1	7.332E-1	7.854E-1	9.017E-1	8.543E-1	6.913E-1	8.961E-1	9.396E-1	1.243E+0	1.725E+0	1.534E+0	1.433E+0
8.039E-1	9.114E-1	9.354E-1	7.932E-1	8.205E-1	1.076E+0	1.192E+0	9.987E-1	7.056E-1	5.001E-1	5.676E-1	4.560E-1	2.118E-1	1.248E-1	4.397E-1	8.341E-1	1.003E+0	1.028E+0	8.153E-1	1.368E+0	1.024E+0	5.728E-1	7.692E-1	1.180E+0	1.012E+0	1.151E+0	1.065E+0	7.991E-1	8.676E-1	8.225E-1	6.942E-1	6.520E-1	4.673E-1	8.134E-1	1.207E+0	1.280E+0	1.023E+0	4.923E-1	8.056E-1	8.539E-1	1.048E+0	8.604E-1	7.637E-1	1.243E+0	1.195E+0	8.981E-1	9.127E-1	9.581E-1	1.188E+0	1.554E+0
7.640E-1	8.371E-1	9.828E-1	9.088E-1	9.896E-1	1.081E+0	7.929E-1	7.351E-1	7.582E-1	6.274E-1	3.839E-1	3.274E-1	5.225E-1	8.322E-1	7.738E-1	8.806E-1	9.189E-1	1.241E+0	1.086E+0	1.091E+0	1.266E+0	1.304E+0	1.216E+0	7.406E-1	7.634E-1	7.312E-1	6.420E-1	8.595E-1	3.394E-1	4.579E-1	6.322E-1	7.108E-1	1.177E+0	1.445E+0	1.453E+0	9.672E-1	6.988E-1	7.345E-1	1.125E+0	1.306E+0	1.090E+0	7.108E-1	7.851E-1	9.124E-1	9.325E-1	8.958E-1	8.617E-1	1.121E+0	1.256E+0	1.449E+0
6.712E-1	5.196E-1	7.332E-1	8.887E-1	4.371E-1	4.777E-1	4.722E-1	7.923E-1	5.705E-1	6.342E-1	5.579E-1	6.991E-1	5.777E-1	8.741E-1	1.249E+0	1.030E+0	7.579E-1	1.156E+0	1.458E+0	1.286E+0	1.155E+0	1.145E+0	5.524E-1	7.832E-1	5.264E-1	3.761E-1	5.235E-1	8.195E-1	8.533E-1	8.614E-1	7.942E-1	9.968E-1	9.111E-1	9.559E-1	1.084E+0	1.041E+0	1.002E+0	9.695E-1	1.204E+0	1.372E+0	1.163E+0	1.331E+0	1.305E+0	1.152E+0	4.810E-1	1.038E+0	1.284E+0	1.205E+0	1.554E+0	1.329E+0
6.111E-1	5.543E-1	5.887E-1	5.270E-1	1.011E+0	7.751E-1	5.287E-1	4.644E-1	2.687E-1	1.953E-1	6.718E-1	7.306E-1	5.537E-1	8.702E-1	6.598E-1	6.981E-1	7.790E-1	6.439E-1	9.961E-1	1.050E+0	1.078E+0	9.848E-1	8.013E-1	1.207E+0	7.338E-1	5.150E-1	7.465E-1	8.591E-1	5.189E-1	5.228E-1	1.003E+0	1.064E+0	9.851E-1	9.286E-1	9.604E-1	1.043E+0	1.229E+0	1.146E+0	1.157E+0	1.192E+0	1.559E+0	1.420E+0	1.119E+0	1.068E+0	1.106E+0	1.073E+0	9.348E-1	8.666E-1	1.122E+0	1.051E+0
6.978E-1	5.111E-1	5.267E-1	4.439E-1	6.881E-1	5.520E-1	5.524E-1	8.858E-1	8.893E-1	6.335E-1	6.874E-1	5.929E-1	7.445E-1	9.503E-1	7.783E-1	7.595E-1	7.043E-1	8.685E-1	8.293E-1	9.357E-1	1.233E+0	1.135E+0	8.647E-1	8.400E-1	5.296E-1	5.809E-1	8.861E-1	5.777E-1	7.725E-1	7.861E-1	7.114E-1	6.968E-1	7.757E-1	8.783E-1	4.310E-1	6.319E-1	7.588E-1	9.292E-1	1.218E+0	1.780E+0	1.731E+0	1.464E+0	1.208E+0	1.251E+0	1.063E+0	7.072E-1	9.069E-1	1.116E+0	1.221E+0	1.034E+0
4.748E-1	7.695E-1	5.397E-1	7.131E-1	6.718E-1	5.270E-1	9.013E-1	6.098E-1	7.770E-1	9.526E-1	9.004E-1	7.582E-1	4.988E-1	7.874E-1	1.014E+0	1.087E+0	1.120E+0	1.280E+0	1.203E+0	1.386E+0	1.265E+0	1.184E+0	1.252E+0	8.848E-1	7.429E-1	4.345E-1	3.083E-1	3.975E-1	4.352E-1	7.478E-1	7.841E-1	5.852E-1	7.361E-1	7.825E-1	6.511E-1	9.637E-1	1.399E+0	1.900E+0	1.864E+0	1.808E+0	1.536E+0	1.557E+0	9.961E-1	6.958E-1	6.738E-1	5.008E-1	7.001E-1	7.312E-1	1.211E+0	1.189E+0
6.475E-1	6.241E-1	4.543E-1	8.127E-1	1.001E+0	7.686E-1	8.659E-1	8.549E-1	7.254E-1	8.692E-1	6.001E-1	4.118E-1	4.715E-1	7.358E-1	8.870E-1	7.854E-1	1.091E+0	1.430E+0	8.413E-1	9.065E-1	1.118E+0	1.138E+0	1.172E+0	1.107E+0	8.877E-1	8.517E-1	7.225E-1	4.556E-1	5.595E-1	9.452E-1	9.520E-1	7.751E-1	8.237E-1	1.006E+0	9.851E-1	1.189E+0	1.395E+0	1.523E+0	1.638E+0	1.305E+0	1.082E+0	1.258E+0	1.399E+0	1.030E+0	6.296E-1	1.061E+0	1.227E+0	1.313E+0	1.070E+0	1.091E+0
7.978E-1	9.753E-1	7.562E-1	9.020E-1	1.129E+0	8.890E-1	7.260E-1	7.627E-1	7.751E-1	5.563E-1	3.485E-1	6.764E-1	7.436E-1	7.082E-1	1.061E+0	1.085E+0	1.010E+0	7.312E-1	6.465E-1	1.265E+0	1.039E+0	1.319E+0	1.014E+0	5.800E-1	3.667E-1	7.475E-1	7.157E-1	6.754E-1	7.361E-1	4.819E-1	7.663E-1	1.088E+0	1.138E+0	1.001E+0	8.734E-1	8.776E-1	1.188E+0	1.399E+0	1.513E+0	1.474E+0	1.412E+0	1.140E+0	1.133E+0	9.383E-1	8.309E-1	8.991E-1	9.445E-1	1.032E+0	1.047E+0	8.293E-1
7.540E-1	8.296E-1	8.280E-1	1.065E+0	1.100E+0	1.116E+0	7.851E-1	9.591E-1	8.585E-1	8.961E-1	8.439E-1	7.001E-1	8.108E-1	8.260E-1	9.753E-1	6.611E-1	7.770E-1	8.468E-1	8.695E-1	7.731E-1	9.981E-1	8.763E-1	6.760E-1	8.163E-1	7.273E-1	7.689E-1	1.089E+0	1.158E+0	7.001E-1	7.965E-1	4.069E-1	5.527E-1	8.202E-1	1.084E+0	1.099E+0	9.890E-1	7.118E-1	1.297E+0	1.102E+0	9.825E-1	9.107E-1	9.046E-1	1.254E+0	1.005E+0	1.041E+0	8.909E-1	7.212E-1	9.734E-1	7.640E-1	7.527E-1
1.113E+0	1.370E+0	1.153E+0	1.024E+0	1.156E+0	1.272E+0	1.225E+0	1.054E+0	1.122E+0	8.328E-1	6.170E-1	6.709E-1	8.533E-1	7.617E-1	6.735E-1	7.854E-1	1.240E+0	1.311E+0	1.280E+0	1.170E+0	1.086E+0	1.102E+0	8.702E-1	7.101E-1	4.848E-1	9.013E-1	7.348E-1	7.822E-1	7.436E-1	1.008E+0	1.032E+0	9.945E-1	1.088E+0	1.168E+0	1.103E+0	9.585E-1	6.238E-1	6.949E-1	7.799E-1	9.734E-1	9.890E-1	8.007E-1	8.059E-1	9.078E-1	1.044E+0	1.070E+0	1.035E+0	9.802E-1	1.116E+0	7.088E-1
1.012E+0	1.287E+0	1.232E+0	1.213E+0	7.910E-1	9.620E-1	5.933E-1	4.871E-1	5.546E-1	7.088E-1	9.004E-1	6.582E-1	7.699E-1	9.955E-1	9.887E-1	8.436E-1	9.854E-1	1.275E+0	1.413E+0	1.280E+0	9.760E-1	8.364E-1	6.059E-1	5.082E-1	4.238E-1	6.605E-1	7.449E-1	9.500E-1	1.125E+0	1.082E+0	8.507E-1	7.514E-1	7.988E-1	8.069E-1	9.377E-1	6.017E-1	6.257E-1	6.881E-1	5.667E-1	5.900E-1	7.708E-1	8.004E-1	8.728E-1	7.062E-1	7.841E-1	7.468E-1	4.930E-1	7.588E-1	5.245E-1	4.108E-1
9.968E-1	1.206E+0	9.614E-1	7.604E-1	5.754E-1	6.868E-1	7.721E-1	7.627E-1	4.475E-1	3.469E-1	5.361E-1	5.569E-1	3.979E-1	7.062E-1	8.247E-1	8.364E-1	1.038E+0	1.047E+0	9.838E-1	9.617E-1	7.085E-1	8.130E-1	6.858E-1	7.179E-1	9.753E-1	9.770E-1	7.277E-1	7.319E-1	7.984E-1	9.559E-1	7.166E-1	7.689E-1	5.660E-1	9.935E-1	9.198E-1	6.894E-1	6.196E-1	7.036E-1	6.118E-1	7.393E-1	7.699E-1	9.831E-1	8.143E-1	9.166E-1	8.841E-1	9.474E-1	8.948E-1	8.916E-1	5.092E-1	5.420E-1
8.763E-1	8.273E-1	5.105E-1	4.712E-1	9.218E-1	8.072E-1	6.446E-1	8.156E-1	6.478E-1	8.426E-1	8.767E-1	7.358E-1	6.796E-1	9.072E-1	8.702E-1	5.731E-1	6.202E-1	8.494E-1	8.062E-1	5.381E-1	6.024E-1	7.637E-1	5.585E-1	7.494E-1	7.351E-1	6.605E-1	1.033E+0	8.186E-1	7.721E-1	7.471E-1	8.078E-1	6.592E-1	8.273E-1	8.072E-1	9.516E-1	9.289E-1	9.896E-1	1.175E+0	9.335E-1	6.900E-1	5.787E-1	8.263E-1	1.140E+0	1.033E+0	1.100E+0	1.002E+0	8.130E-1	5.611E-1	7.371E-1	4.345E-1
7.562E-1	8.052E-1	8.393E-1	6.196E-1	8.932E-1	9.958E-1	7.416E-1	6.468E-1	7.380E-1	8.108E-1	7.507E-1	6.793E-1	5.034E-1	3.946E-1	5.595E-1	3.557E-1	4.394E-1	2.940E-1	8.978E-1	9.448E-1	8.676E-1	9.575E-1	9.659E-1	9.208E-1	1.212E+0	1.479E+0	1.312E+0	1.079E+0	1.115E+0	1.014E+0	8.078E-1	7.799E-1	9.416E-1	1.018E+0	1.028E+0	1.136E+0	1.137E+0	1.035E+0	7.270E-1	5.994E-1	8.604E-1	8.961E-1	7.221E-1	8.293E-1	8.302E-1	6.796E-1	7.916E-1	6.452E-1	6.235E-1	5.602E-1
6.640E-1	6.011E-1	6.605E-1	4.475E-1	7.105E-1	7.838E-1	8.822E-1	9.633E-1	4.848E-1	5.309E-1	4.300E-1	3.453E-1	7.436E-1	9.442E-1	6.322E-1	4.881E-1	5.228E-1	5.034E-1	3.190E-1	5.676E-1	7.598E-1	1.075E+0	1.068E+0	1.318E+0	1.645E+0	1.300E+0	1.038E+0	1.175E+0	1.069E+0	1.066E+0	8.708E-1	9.004E-1	9.286E-1	1.117E+0	1.364E+0	1.345E+0	9.981E-1	1.021E+0	9.305E-1	8.130E-1	7.543E-1	8.072E-1	1.047E+0	9.708E-1	7.815E-1	9.049E-1	9.192E-1	9.643E-1	8.124E-1	6.043E-1
4.524E-1	5.903E-1	5.559E-1	3.979E-1	6.325E-1	1.005E+0	7.069E-1	6.653E-1	6.095E-1	4.475E-1	5.748E-1	6.965E-1	5.955E-1	5.248E-1	4.774E-1	7.140E-1	1.021E+0	7.819E-1	5.709E-1	8.731E-1	1.051E+0	1.186E+0	1.140E+0	1.201E+0	1.381E+0	1.546E+0	1.343E+0	1.360E+0	1.369E+0	1.255E+0	1.456E+0	1.610E+0	1.471E+0	1.304E+0	1.166E+0	9.072E-1	8.247E-1	6.287E-1	6.468E-1	4.878E-1	8.020E-1	1.062E+0	9.292E-1	1.006E+0	8.617E-1	7.195E-1	8.708E-1	5.313E-1	7.199E-1	8.127E-1
3.079E-1	4.434E-2	3.917E-1	3.709E-1	7.257E-1	5.017E-1	8.273E-1	7.945E-1	6.968E-1	7.643E-1	4.657E-1	5.267E-1	8.578E-1	1.011E+0	9.789E-1	7.828E-1	6.069E-1	5.345E-1	7.708E-1	1.069E+0	1.255E+0	1.080E+0	1.135E+0	1.413E+0	1.327E+0	1.486E+0	1.620E+0	1.455E+0	9.429E-1	7.293E-1	1.250E+0	1.323E+0	1.155E+0	8.461E-1	6.400E-1	9.124E-1	7.981E-1	5.839E-1	4.004E-1	4.267E-1	4.861E-1	8.458E-1	7.306E-1	7.929E-1	7.796E-1	6.894E-1	1.068E+0	7.949E-1	9.133E-1	8.153E-1
5.540E-1	5.219E-1	1.093E-1	9.823E-2	5.819E-1	5.845E-1	7.890E-1	8.108E-1	7.923E-1	8.423E-1	8.692E-1	7.036E-1	4.491E-1	4.306E-1	8.517E-1	1.133E+0	5.803E-1	3.112E-1	3.654E-1	4.719E-1	6.527E-1	8.900E-1	1.021E+0	6.900E-1	9.497E-1	1.200E+0	1.171E+0	1.213E+0	6.929E-1	5.764E-1	8.500E-1	1.263E+0	1.067E+0	9.426E-1	9.344E-1	8.647E-1	5.913E-1	8.156E-1	5.975E-1	5.572E-1	6.439E-1	6.442E-1	6.955E-1	8.140E-1	7.851E-1	4.410E-1	5.527E-1	1.105E+0	9.007E-1	1.131E+0
2.479E-1	5.040E-1	3.725E-1	2.323E-1	3.147E-1	5.170E-1	6.306E-1	8.750E-1	8.033E-1	9.393E-1	8.695E-1	9.942E-1	7.348E-1	6.176E-1	8.549E-1	8.806E-1	5.537E-1	4.527E-1	9.419E-1	8.419E-1	6.926E-1	8.280E-1	5.790E-1	8.225E-1	1.071E+0	1.080E+0	6.462E-1	1.060E+0	1.201E+0	7.546E-1	4.751E-1	2.573E-1	7.182E-1	7.614E-1	8.582E-1	1.015E+0	7.293E-1	5.507E-1	3.446E-1	5.144E-1	4.735E-1	6.205E-1	7.348E-1	6.803E-1	6.072E-1	7.033E-1	7.955E-1	8.513E-1	9.607E-1	1.033E+0
2.112E-1	2.583E-1	3.992E-1	2.722E-1	2.472E-1	6.173E-1	5.835E-1	5.368E-1	8.530E-1	9.689E-1	8.374E-1	7.355E-1	8.698E-1	6.595E-1	5.903E-1	1.105E+0	1.052E+0	8.536E-1	7.351E-1	4.735E-1	5.481E-1	7.225E-1	7.553E-1	6.085E-1	8.354E-1	9.676E-1	8.267E-1	7.270E-1	7.254E-1	8.526E-1	5.907E-1	7.283E-1	7.738E-1	7.559E-1	4.514E-1	4.206E-1	3.160E-1	1.330E-1	1.359E-1	4.874E-1	7.728E-1	6.481E-1	4.599E-1	6.144E-1	3.245E-1	3.456E-1	5.566E-1	1.075E+0	1.251E+0	1.129E+0
2.956E-1	5.274E-1	3.112E-1	5.530E-1	6.455E-1	4.011E-1	7.251E-1	6.965E-1	7.575E-1	9.091E-1	1.002E+0	1.075E+0	7.728E-1	8.935E-1	7.845E-1	5.764E-1	3.651E-1	5.757E-1	5.589E-1	6.916E-1	6.903E-1	7.848E-1	7.553E-1	9.179E-1	1.132E+0	1.307E+0	5.978E-1	2.391E-1	4.810E-1	9.247E-1	8.500E-1	4.930E-1	5.008E-1	7.523E-1	8.617E-1	5.933E-1	3.144E-1	3.995E-1	6.598E-1	3.768E-1	4.293E-1	2.898E-1	4.232E-1	5.972E-1	7.046E-1	7.553E-1	8.289E-1	9.221E-1	8.017E-1	9.932E-1
8.741E-1	2.719E-1	4.310E-1	3.040E-1	7.377E-1	6.819E-1	7.290E-1	7.721E-1	8.173E-1	5.692E-1	5.079E-1	6.355E-1	7.176E-1	6.572E-1	9.734E-1	8.585E-1	4.845E-1	4.725E-1	4.553E-1	5.929E-1	3.346E-1	6.735E-1	9.159E-1	1.241E+0	1.416E+0	1.127E+0	1.174E+0	9.880E-1	6.735E-1	6.786E-1	5.553E-1	5.498E-1	5.251E-1	6.501E-1	1.641E-1	1.508E-1	6.549E-1	8.153E-1	5.433E-1	7.351E-1	7.286E-1	5.426E-1	4.644E-1	8.578E-1	9.163E-1	8.702E-1	9.500E-1	8.108E-1	9.468E-1	7.773E-1
8.552E-1	5.449E-1	8.403E-1	9.591E-1	7.627E-1	6.877E-1	6.387E-1	8.848E-1	9.263E-1	8.500E-1	6.033E-1	6.329E-1	4.079E-1	5.829E-1	7.085E-1	8.153E-1	6.410E-1	7.046E-1	3.141E-1	2.547E-1	3.118E-1	6.488E-1	9.961E-1	1.223E+0	1.202E+0	1.012E+0	8.640E-1	6.137E-1	3.492E-1	6.166E-1	8.471E-1	6.767E-1	6.793E-1	5.556E-1	5.371E-1	7.387E-1	1.081E+0	1.057E+0	7.653E-1	6.773E-1	7.757E-1	6.608E-1	6.933E-1	6.355E-1	4.478E-1	5.420E-1	6.780E-1	1.012E+0	7.098E-1	5.384E-1
6.634E-1	6.059E-1	9.231E-1	7.153E-1	5.472E-1	6.095E-1	8.711E-1	6.718E-1	6.160E-1	9.078E-1	9.727E-1	8.143E-1	3.901E-1	5.352E-1	6.040E-1	6.017E-1	6.475E-1	7.426E-1	4.336E-1	8.786E-1	1.060E+0	9.091E-1	8.880E-1	9.452E-1	7.741E-1	4.884E-1	6.991E-1	8.663E-1	7.825E-1	7.562E-1	4.482E-1	7.705E-1	5.835E-1	3.722E-1	4.128E-1	8.935E-1	9.250E-1	6.400E-1	7.861E-1	9.416E-1	8.890E-1	8.202E-1	8.030E-1	1.079E+0	9.633E-1	5.796E-1	8.134E-1	1.192E+0	1.199E+0	5.738E-1
6.329E-1	1.257E+0	1.165E+0	1.153E+0	1.030E+0	9.017E-1	8.289E-1	5.585E-1	3.806E-1	7.517E-1	8.088E-1	5.972E-1	5.881E-1	8.426E-1	7.666E-1	6.429E-1	7.361E-1	7.773E-1	1.177E+0	9.302E-1	6.861E-1	1.086E+0	1.148E+0	9.179E-1	1.043E+0	1.209E+0	1.071E+0	1.332E+0	8.838E-1	6.884E-1	7.238E-1	1.029E+0	4.154E-1	2.018E-1	2.953E-1	8.513E-1	9.033E-1	9.094E-1	8.406E-1	7.384E-1	8.176E-1	7.773E-1	8.017E-1	8.257E-1	8.562E-1	6.653E-1	6.024E-1	6.429E-1	4.998E-1	6.377E-1
4.134E-1	4.462E-1	4.887E-1	8.650E-1	1.086E+0	1.132E+0	7.199E-1	5.842E-1	4.014E-1	6.364E-1	9.643E-1	5.433E-1	-2.413E-1	2.534E-1	8.082E-1	5.238E-1	7.488E-1	6.199E-1	6.845E-1	9.237E-1	9.835E-1	7.981E-1	9.094E-1	6.894E-1	5.579E-1	6.332E-1	5.439E-1	7.890E-1	6.718E-1	5.121E-1	6.452E-1	9.091E-1	3.768E-1	7.566E-1	8.397E-1	7.169E-1	7.429E-1	9.387E-1	9.403E-1	7.721E-1	8.328E-1	6.907E-1	6.218E-1	6.270E-1	3.927E-1	1.963E-1	2.781E-1	5.270E-1	5.965E-1	4.310E-1
5.972E-1	6.933E-1	5.683E-1	5.624E-1	4.108E-1	5.998E-1	5.206E-1	6.257E-1	7.160E-1	6.858E-1	8.202E-1	7.981E-1	9.000E-1	7.520E-1	7.910E-1	7.975E-1	9.731E-1	1.087E+0	1.130E+0	1.411E+0	1.103E+0	6.300E-1	9.659E-1	1.152E+0	6.988E-1	6.390E-1	4.277E-1	2.183E-1	1.040E+0	1.123E+0	8.783E-1	3.988E-1	2.037E-1	1.094E+0	9.607E-1	5.264E-1	5.722E-1	9.439E-1	9.617E-1	9.948E-1	1.004E+0	1.033E+0	6.582E-1	8.202E-1	7.867E-1	5.835E-1	6.277E-1	5.615E-1	6.842E-1	5.290E-1
8.471E-1	5.975E-1	4.621E-1	7.397E-1	1.086E+0	8.994E-1	8.630E-1	5.793E-1	4.952E-1	4.199E-1	4.894E-1	8.192E-1	9.828E-1	7.760E-1	8.218E-1	6.890E-1	2.122E-1	5.621E-1	5.592E-1	6.975E-1	8.163E-1	6.549E-1	8.705E-1	6.306E-1	5.540E-1	2.414E-1	1.599E-1	6.514E-1	1.022E+0	7.228E-1	5.011E-1	6.803E-1	6.838E-1	3.394E-1	4.566E-1	7.975E-1	6.202E-1	6.981E-1	9.299E-1	5.813E-1	6.598E-1	7.731E-1	4.186E-1	3.869E+0	1.165E+0	1.680E-1	7.669E-1	7.614E-1	8.858E-1	7.893E-1
7.173E-1	7.777E-1	9.864E-1	7.319E-1	7.897E-1	6.280E-1	4.829E-1	2.602E-1	4.920E-1	3.034E-1	1.583E-1	3.634E-1	7.666E-1	8.130E-1	5.887E-1	3.563E-1	5.290E-1	6.631E-1	5.459E-1	8.033E-1	8.173E-1	1.020E+0	9.111E-1	9.465E-1	7.345E-1	7.890E-1	9.172E-1	9.088E-1	8.721E-1	7.958E-1	8.523E-1	8.179E-1	6.153E-1	7.679E-1	7.348E-1	4.605E-1	3.732E-1	5.059E-1	6.923E-1	5.657E-1	3.946E-1	1.091E+0	1.104E+0	6.725E-1	7.462E-1	6.361E-1	9.822E-1	1.238E+0	1.312E+0	1.125E+0
9.968E-1	7.828E-1	7.575E-1	7.247E-1	7.663E-1	9.419E-1	7.166E-1	3.764E-1	4.199E-1	8.819E-1	9.601E-1	1.002E+0	9.062E-1	7.867E-1	6.913E-1	3.612E-1	2.411E-1	8.088E-1	1.044E+0	8.160E-1	3.787E-1	3.992E-1	8.864E-1	9.033E-1	8.806E-1	9.818E-1	6.955E-1	8.504E-1	4.138E-1	3.703E-1	6.063E-1	7.514E-1	9.880E-1	8.569E-1	4.547E-1	3.363E-2	1.794E-1	6.637E-1	5.628E-1	6.514E-1	7.036E-1	5.949E-1	5.180E-1	8.325E-1	1.253E+0	1.080E+0	6.926E-1	7.247E-1	1.972E-1	2.687E-1
5.696E-1	8.416E-1	8.952E-1	7.536E-1	9.202E-1	1.069E+0	7.309E-1	5.959E-1	6.137E-1	7.251E-1	1.059E+0	9.085E-1	1.165E+0	9.604E-1	9.322E-1	6.215E-1	8.828E-1	7.286E-1	6.196E-1	6.897E-1	7.952E-1	8.341E-1	6.238E-1	8.231E-1	6.127E-1	8.043E-1	5.835E-1	8.611E-1	9.890E-1	7.270E-1	8.731E-1	1.032E+0	9.870E-1	7.364E-1	5.141E-1	1.690E-1	1.580E-1	5.507E-1	6.848E-1	6.848E-1	4.495E-1	3.761E-1	6.485E-1	9.705E-1	1.168E+0	1.065E+0	7.627E-1	4.238E-1	5.556E-1	7.877E-1
5.641E-1	6.303E-1	9.094E-1	8.348E-1	8.309E-1	8.539E-1	6.864E-1	8.134E-1	7.738E-1	8.335E-1	6.562E-1	6.670E-1	1.032E+0	7.806E-1	5.076E-1	6.011E-1	4.238E-1	7.377E-1	8.828E-1	8.669E-1	9.893E-1	8.653E-1	8.929E-1	5.650E-1	7.653E-1	7.981E-1	2.242E-1	6.131E-1	4.887E-1	3.313E-1	5.683E-1	8.939E-1	6.618E-1	5.550E-1	6.102E-1	5.478E-1	7.325E-1	9.617E-1	1.363E+0	1.112E+0	7.380E-1	6.533E-1	3.358E-1	2.196E-1	2.865E-1	6.306E-1	6.696E-1	8.520E-1	9.380E-1	3.780E-1
6.121E-1	6.274E-1	7.916E-1	1.138E+0	9.241E-1	5.770E-1	5.923E-1	4.923E-1	5.991E-1	7.949E-1	1.043E+0	8.604E-1	7.874E-1	8.124E-1	7.283E-1	6.858E-1	1.146E+0	7.124E-1	4.673E-1	6.712E-1	1.162E+0	9.919E-1	6.069E-1	5.657E-1	4.212E-1	5.907E-1	3.329E-1	4.329E-1	9.964E-1	1.194E+0	1.050E+0	1.088E+0	9.909E-1	1.090E+0	1.109E+0	6.212E-1	5.339E-1	4.030E-1	1.024E+0	1.014E+0	8.718E-1	7.458E-1	6.050E-1	4.829E-1	4.355E-1	5.420E-1	6.673E-1	8.663E-1	9.591E-1	5.650E-1
1.039E+0	9.783E-1	1.133E+0	1.247E+0	1.253E+0	7.871E-1	8.783E-1	5.991E-1	6.679E-1	3.992E-1	5.381E-1	1.101E+0	9.565E-1	7.364E-1	6.231E-1	6.153E-1	7.244E-1	1.115E+0	1.016E+0	7.903E-1	9.581E-1	7.092E-1	5.371E-1	6.718E-1	3.258E-1	3.829E-1	7.718E-1	9.828E-1	1.087E+0	8.611E-1	5.916E-1	7.449E-1	7.202E-1	7.014E-1	4.543E-1	2.975E-1	2.846E-1	4.694E-2	7.014E-1	1.047E+0	5.569E-1	6.017E-1	7.186E-1	4.280E-1	4.297E-1	5.163E-1	4.167E-1	2.375E-1	4.112E-1	6.858E-1
9.507E-1	1.178E+0	8.874E-1	9.711E-1	8.841E-1	1.022E+0	1.432E+0	1.172E+0	1.036E+0	8.819E-1	7.945E-1	7.799E-1	9.247E-1	7.186E-1	9.305E-1	1.186E+0	7.348E-1	8.689E-1	9.864E-1	5.420E-1	4.306E-1	1.039E+0	9.403E-1	7.858E-1	8.322E-1	8.504E-1	5.384E-1	8.981E-1	9.452E-1	1.061E+0	1.063E+0	1.123E+0	9.078E-1	8.302E-1	7.432E-1	8.351E-1	6.559E-1	6.614E-1	5.602E-1	5.777E-1	1.017E+0	6.634E-1	4.582E-1	9.726E-2	3.245E-1	7.309E-1	5.878E-1	7.231E-1	6.786E-1	1.106E+0
9.598E-1	1.007E+0	8.991E-1	1.179E+0	1.321E+0	1.231E+0	1.173E+0	8.867E-1	1.200E+0	1.177E+0	7.715E-1	6.767E-1	6.812E-1	5.907E-1	7.458E-1	7.251E-1	7.062E-1	9.825E-1	1.161E+0	9.724E-1	1.025E+0	1.195E+0	1.122E+0	9.689E-1	1.241E+0	1.246E+0	9.773E-1	9.809E-1	7.682E-1	6.549E-1	6.627E-1	9.516E-1	9.536E-1	1.242E+0	7.828E-1	3.849E-1	7.069E-1	9.202E-1	5.845E-1	3.281E-1	2.333E-1	8.212E-1	6.257E-1	4.566E-1	9.062E-1	4.151E-1	4.823E-1	8.617E-1	9.841E-1	1.246E+0
