3.136E-2	-9.751E-2	1.434E-1	-1.533E-1	-2.579E-1	1.935E-2	5.798E-2	1.606E-1	-3.572E-1	-4.121E-1	-2.056E-1	-1.657E-1	1.226E-1	1.265E-1	-1.225E-1	1.063E-1	-2.869E-2	5.700E-2	1.805E-2	-3.356E-2	2.005E-1	1.216E-1	2.917E-1	4.824E-2	5.116E-2	2.524E-1	8.947E-2	1.073E-1	-1.751E-3	2.271E-1	3.349E-1	8.882E-2	-1.391E-1	1.531E-1	1.359E-1	1.898E-1	2.125E-1	-6.960E-2	-1.267E-1	1.028E-1	1.541E-1	1.177E-1	-1.907E-1	-2.452E-1	-3.202E-1	-1.595E-1	-1.566E-1	-2.058E-2	-1.118E-1	9.239E-2
-1.839E-1	-6.960E-2	-3.611E-1	-2.907E-1	-2.809E-1	-2.761E-1	-2.683E-1	-1.258E-1	2.793E-3	1.703E-1	2.755E-1	1.765E-1	-1.993E-2	-2.361E-1	-2.155E-2	-2.512E-2	1.560E-1	2.725E-1	9.726E-2	-2.837E-2	-6.341E-1	-1.571E-2	9.856E-2	2.339E-1	-1.928E-2	-2.994E-1	1.740E-2	3.168E-2	-1.728E-1	3.209E-1	4.482E-1	3.979E-1	1.395E-1	1.138E-1	4.077E-2	4.402E-2	3.136E-2	3.105E-1	2.463E-1	-1.615E-1	-4.913E-1	-1.446E-1	4.792E-2	7.226E-2	-1.832E-1	-2.436E-1	-9.217E-3	-8.291E-2	-1.829E-1	-2.577E-2
-1.835E-1	-1.326E-1	-1.452E-1	-1.141E-1	7.713E-2	3.753E-2	6.869E-2	-6.375E-2	-4.298E-2	-1.469E-1	-5.434E-2	-1.550E-1	-1.465E-1	1.063E-1	3.368E-1	8.135E-2	7.291E-2	-7.775E-4	9.466E-2	-3.616E-2	7.129E-2	4.274E-1	2.287E-1	7.291E-2	1.206E-1	1.359E-1	-2.582E-1	-9.719E-2	1.304E-1	-7.447E-2	-3.640E-1	-2.361E-1	-2.934E-2	-2.751E-1	-1.309E-1	-1.993E-2	-2.972E-1	-3.475E-1	-1.946E-1	-1.374E-1	-2.805E-2	5.700E-2	2.226E-1	1.050E-1	-1.928E-2	-2.577E-2	-1.344E-2	-3.906E-1	-1.410E-1	-3.699E-3
-1.163E-1	-3.137E-1	1.544E-1	2.261E-1	1.489E-1	-1.150E-1	-2.157E-1	-5.304E-2	-3.134E-1	-1.719E-1	-3.105E-1	-1.394E-1	1.632E-1	1.093E-1	-4.915E-2	-2.092E-1	-3.079E-1	4.856E-2	2.888E-1	2.375E-1	2.476E-1	-3.973E-2	1.236E-1	-1.764E-1	-2.936E-1	9.076E-2	2.372E-1	3.850E-2	1.758E-1	1.560E-1	-6.213E-2	-3.179E-1	-1.102E-1	1.719E-1	2.648E-1	1.281E-1	1.060E-1	1.216E-1	1.930E-1	4.077E-2	-1.021E-1	-4.947E-2	-3.819E-1	-1.335E-1	-3.291E-2	-3.519E-2	-1.311E-2	1.138E-1	1.375E-1	-2.212E-1
-2.530E-1	-1.017E-1	-2.188E-2	1.819E-3	1.109E-1	3.363E-2	1.972E-1	1.076E-1	-1.482E-1	-1.701E-2	-1.537E-1	-8.713E-2	-2.189E-1	-5.239E-2	1.963E-1	-1.441E-2	1.722E-1	8.557E-2	-7.447E-2	-1.209E-1	2.617E-2	1.482E-1	3.233E-2	-1.936E-1	6.689E-3	-6.635E-2	-3.196E-1	-3.325E-1	-3.504E-1	-2.488E-1	1.398E-1	1.466E-1	7.681E-2	-4.655E-2	9.726E-2	2.746E-2	-1.770E-1	-5.661E-2	2.738E-1	1.200E-1	1.869E-1	2.099E-1	-5.661E-2	-1.157E-1	5.798E-2	6.544E-2	-2.225E-1	-1.858E-1	-1.394E-1	-1.024E-1
-3.280E-1	-1.994E-1	-1.121E-1	-1.176E-1	-3.290E-1	-1.154E-1	1.437E-1	2.975E-1	1.547E-1	-1.410E-1	-1.284E-1	4.160E-1	-2.967E-2	-3.741E-1	-9.524E-2	-3.572E-1	-3.731E-1	1.391E-1	5.293E-1	2.028E-1	-2.618E-1	-1.615E-1	-6.181E-2	1.132E-1	2.222E-1	2.063E-1	1.674E-1	1.469E-1	1.819E-3	-8.648E-2	-2.494E-1	-3.994E-1	-9.686E-2	2.454E-2	-1.241E-1	-6.408E-2	7.453E-2	3.493E-2	-1.439E-1	1.437E-1	5.538E-2	2.394E-1	8.492E-2	-1.495E-1	-1.417E-1	-3.616E-2	-1.225E-1	-3.179E-1	-1.668E-2	-2.225E-1
-2.494E-1	-1.245E-1	1.206E-1	-6.945E-3	-3.778E-2	-9.946E-2	1.086E-1	7.810E-2	1.872E-1	-1.196E-1	-6.408E-2	-7.609E-2	-2.949E-1	-6.992E-2	-3.227E-2	2.781E-1	8.005E-2	8.232E-2	-1.636E-2	2.292E-2	-6.797E-2	9.434E-2	6.642E-2	-1.290E-1	-4.916E-1	-4.173E-1	-5.166E-1	-2.235E-1	1.956E-1	3.323E-1	4.504E-1	2.768E-1	1.239E-1	4.856E-2	-1.306E-1	-2.014E-1	1.902E-2	-1.309E-1	-3.713E-2	1.255E-1	4.370E-2	6.447E-2	7.338E-3	-2.543E-1	-1.991E-1	-2.874E-1	-2.900E-1	2.162E-2	8.636E-3	-1.543E-1
6.804E-2	-2.332E-1	-1.456E-1	2.540E-1	-2.696E-1	-4.182E-1	3.623E-2	-1.680E-1	-7.739E-2	-1.699E-1	3.266E-2	1.602E-1	1.336E-1	2.028E-1	-3.032E-2	1.138E-1	-1.543E-1	-3.819E-1	-4.525E-2	2.118E-1	4.240E-2	3.720E-2	9.174E-2	3.235E-1	1.448E-2	-1.511E-1	-9.719E-2	-1.095E-1	-3.575E-1	-4.189E-1	-2.903E-1	-1.913E-1	-5.000E-1	-2.033E-1	-3.293E-1	-1.433E-1	4.142E-2	1.206E-1	2.700E-1	1.206E-1	-1.796E-1	-1.141E-1	-2.864E-1	-3.708E-1	-1.238E-1	8.914E-2	4.305E-2	1.935E-2	-3.364E-1	-9.686E-2
-5.239E-2	-1.381E-1	-6.473E-2	-3.001E-1	-3.913E-1	-1.572E-1	1.063E-1	6.934E-2	1.073E-1	1.294E-1	-2.598E-1	-1.517E-1	9.791E-2	2.141E-1	2.292E-2	-1.284E-1	-1.413E-1	-3.170E-1	1.846E-1	4.900E-1	3.979E-1	2.751E-1	1.291E-1	1.404E-1	-7.739E-2	-9.816E-2	-2.683E-1	-2.137E-1	1.424E-1	-3.389E-2	-3.064E-2	-2.959E-1	-3.559E-1	9.935E-3	1.058E-2	2.118E-1	-1.800E-1	-1.978E-1	-1.258E-1	1.641E-1	2.320E-1	9.661E-2	1.339E-1	5.149E-2	-2.786E-1	-1.345E-1	1.093E-1	-3.194E-2	3.201E-2	-1.624E-1
-1.511E-1	-2.188E-2	4.056E-1	4.280E-1	4.045E-2	5.390E-3	1.430E-1	-1.137E-1	-4.465E-1	-2.546E-1	-1.297E-1	-2.592E-1	-3.049E-1	-1.702E-1	-1.839E-1	-3.257E-1	1.018E-1	-2.098E-1	-2.420E-1	2.057E-1	3.621E-1	-8.193E-2	-4.452E-1	-1.459E-1	-1.719E-1	3.014E-1	1.911E-1	2.297E-1	-1.668E-2	-1.452E-1	-4.298E-2	-1.181E-2	-3.715E-1	-2.183E-1	2.797E-1	1.255E-1	9.693E-2	-3.108E-1	2.097E-2	-2.131E-1	-4.036E-1	-8.226E-2	2.745E-1	-9.542E-3	1.480E-2	-7.775E-4	2.696E-1	4.625E-1	7.129E-2	-4.006E-2
7.551E-2	-1.378E-1	-3.170E-1	-2.871E-1	-1.793E-1	1.619E-1	4.207E-2	-4.071E-2	-3.468E-1	-2.452E-1	-1.209E-1	1.964E-4	-2.907E-1	-1.968E-1	6.869E-2	1.037E-1	-1.636E-2	1.320E-1	7.161E-2	-4.915E-2	-1.069E-1	-9.362E-2	-1.047E-1	-4.460E-2	1.060E-1	-3.166E-1	-1.053E-1	-3.129E-2	-2.595E-1	-3.397E-1	-1.667E-1	2.195E-2	-1.517E-1	-1.196E-1	1.690E-1	2.385E-1	1.106E-1	-1.472E-1	-2.975E-1	-2.832E-1	-7.836E-2	-2.244E-1	-3.322E-1	-3.699E-3	-1.965E-1	1.255E-1	2.389E-2	1.683E-1	1.294E-1	-1.826E-1
7.616E-2	-1.082E-1	-1.706E-1	-1.728E-1	-6.473E-2	-3.218E-1	-2.459E-1	-2.189E-1	-2.189E-1	-2.105E-1	-2.517E-1	5.700E-2	-1.667E-1	-3.170E-1	-2.514E-1	-3.124E-1	1.735E-1	-2.394E-1	-1.232E-1	5.668E-2	8.590E-2	3.547E-1	1.037E-1	-9.914E-2	-2.610E-2	-4.734E-1	-5.166E-1	-1.939E-1	-2.212E-1	-6.245E-2	-2.598E-1	-8.518E-2	4.573E-1	4.819E-1	2.479E-1	-2.105E-1	-3.144E-1	-1.472E-1	-9.264E-2	-1.550E-1	-7.706E-2	-1.258E-1	-2.913E-1	-2.082E-1	-1.636E-2	-1.936E-1	-2.994E-1	-2.345E-1	-2.936E-1	-6.312E-1
6.674E-2	2.190E-1	1.924E-1	2.859E-1	2.057E-1	-5.239E-2	-4.085E-1	2.122E-1	2.300E-1	5.376E-2	-1.897E-1	-9.232E-2	9.563E-2	4.889E-2	2.138E-1	4.986E-2	-2.446E-1	-2.540E-1	-2.082E-1	8.427E-2	1.128E-1	3.212E-1	4.625E-1	-7.869E-2	-1.949E-1	-2.582E-1	-2.433E-1	-1.258E-1	2.226E-1	1.791E-1	-1.258E-1	-2.838E-1	-4.351E-1	-1.933E-1	-1.861E-1	2.644E-1	3.323E-1	5.733E-2	-3.746E-2	-1.733E-2	-4.720E-2	-3.462E-1	-4.513E-1	-8.291E-2	4.954E-2	-1.537E-1	-2.861E-1	-2.397E-1	2.557E-1	5.051E-2
8.590E-2	9.304E-2	-6.083E-2	3.623E-2	-2.407E-1	-4.082E-1	-2.647E-1	-6.148E-2	-2.465E-1	3.461E-2	1.382E-1	1.395E-1	3.170E-1	2.170E-1	-2.121E-1	-3.611E-1	-1.079E-1	-2.563E-1	-2.415E-2	-1.663E-1	-2.261E-1	-1.034E-1	-3.221E-1	-2.316E-1	-2.043E-1	5.149E-2	-1.409E-2	-2.543E-1	-3.491E-1	1.415E-2	-1.311E-2	-1.339E-1	-2.085E-1	1.463E-1	1.037E-1	-1.530E-1	1.190E-1	5.636E-2	-3.566E-1	-2.689E-1	-1.702E-1	1.881E-1	3.883E-2	-5.971E-3	5.733E-2	1.810E-1	4.532E-2	-2.689E-1	-1.790E-1	-1.157E-1
2.002E-1	2.495E-1	2.037E-1	8.849E-2	2.065E-2	-1.228E-1	-9.979E-2	-1.865E-1	9.434E-2	1.362E-1	-2.663E-1	-3.760E-1	-2.952E-1	3.331E-2	1.271E-1	-2.066E-1	-2.033E-1	-3.566E-1	-3.072E-1	-8.291E-2	7.356E-2	-2.280E-1	-3.324E-2	-3.162E-2	-6.148E-2	-2.640E-1	9.336E-2	2.430E-1	-3.075E-1	-4.027E-1	-5.174E-2	-1.082E-1	-3.484E-1	-3.247E-1	-7.706E-2	-1.615E-1	-1.680E-1	-1.427E-3	-2.642E-2	2.148E-1	1.515E-1	2.813E-1	-2.415E-2	1.651E-1	2.151E-1	-1.274E-1	-1.258E-1	-3.129E-2	-8.680E-2	-9.557E-2
5.214E-2	-5.694E-2	-5.239E-2	2.044E-1	5.798E-2	-2.442E-1	-2.384E-1	-4.785E-2	1.050E-1	1.709E-1	-3.129E-2	1.158E-1	4.092E-3	-1.277E-1	-1.348E-1	8.005E-2	1.096E-1	-7.771E-2	1.586E-1	1.992E-1	2.859E-1	2.385E-1	-2.253E-2	-3.419E-1	6.317E-2	2.196E-1	6.155E-2	2.226E-1	1.989E-1	1.843E-1	-1.744E-1	-1.082E-1	-8.680E-2	1.573E-1	8.427E-2	-2.383E-2	-1.881E-1	-9.102E-2	-1.780E-1	-1.592E-1	-1.404E-1	-1.193E-1	2.738E-1	3.333E-1	2.550E-1	-1.282E-4	-5.971E-3	7.421E-2	1.708E-2	7.843E-2
1.448E-2	-6.408E-2	-1.034E-1	-2.718E-1	1.599E-1	4.459E-1	-1.073E-1	6.739E-2	1.203E-1	6.577E-2	1.044E-1	1.700E-1	-3.778E-2	-1.731E-1	-1.319E-1	-9.557E-2	5.765E-2	2.151E-1	3.664E-1	-6.343E-2	-4.720E-2	4.917E-1	9.206E-2	1.774E-1	4.824E-2	-3.394E-1	-5.416E-1	-2.494E-1	-2.267E-1	-2.462E-1	-4.410E-1	-3.381E-1	-3.014E-1	-1.225E-1	-1.848E-1	-1.021E-1	-2.085E-1	-2.121E-1	-2.890E-1	-1.553E-1	3.753E-2	8.135E-2	5.408E-2	-6.505E-2	7.161E-2	-1.738E-1	-2.179E-1	-5.189E-1	-5.286E-1	-3.497E-1
-1.124E-1	1.318E-2	-2.173E-1	-2.141E-1	7.291E-2	-1.748E-1	-6.830E-2	2.631E-1	2.998E-1	-1.748E-1	-3.741E-1	-1.725E-1	-4.377E-1	-4.861E-1	-2.520E-1	-2.689E-1	-3.153E-1	-8.777E-2	-1.589E-1	-6.278E-2	1.091E-2	-2.030E-1	1.998E-1	4.138E-1	-1.654E-1	-5.487E-1	-1.144E-1	3.060E-1	1.307E-1	-1.517E-1	-2.196E-1	-4.604E-1	-7.097E-1	-3.517E-1	3.118E-3	-1.469E-1	5.390E-3	-1.238E-1	-1.501E-1	-2.676E-1	-9.492E-2	-4.724E-1	-2.105E-1	-2.040E-1	-2.637E-1	-3.799E-1	-2.121E-1	-8.161E-2	6.837E-2	8.103E-2
-6.296E-3	-2.001E-1	-3.566E-1	-5.531E-2	1.395E-1	-3.454E-2	-2.485E-1	-2.426E-1	4.741E-3	9.369E-2	5.700E-2	1.281E-1	-1.348E-1	1.992E-1	2.292E-2	-1.501E-1	-1.798E-2	-1.215E-1	-8.583E-2	-7.349E-2	-2.394E-1	-1.660E-1	-3.234E-1	-1.147E-1	-2.076E-1	-1.326E-1	-2.772E-2	-8.323E-2	5.343E-2	-3.426E-1	6.447E-2	1.800E-1	-3.689E-1	-3.066E-1	-4.687E-2	-4.997E-3	1.589E-1	-3.556E-1	-2.793E-1	-2.679E-1	-3.822E-1	-1.751E-1	-2.728E-1	-3.221E-1	-2.855E-1	2.635E-1	7.161E-2	-2.296E-1	2.511E-1	4.167E-1
1.448E-2	1.177E-1	-3.829E-1	-5.069E-1	-1.212E-1	2.021E-1	3.599E-1	-2.188E-2	-6.797E-2	-4.298E-2	-1.621E-1	-1.702E-1	-2.257E-1	-7.122E-2	1.193E-1	-2.350E-2	-1.930E-1	3.753E-2	3.436E-1	-1.748E-1	-3.296E-1	-3.421E-2	-1.037E-1	-6.862E-2	1.026E-2	-3.194E-2	1.875E-1	8.492E-2	1.979E-1	1.492E-1	1.365E-1	-1.344E-2	-3.728E-1	-4.728E-1	-1.348E-1	5.278E-2	1.184E-1	1.856E-1	2.552E-2	-2.352E-1	4.824E-2	2.719E-1	-2.512E-2	2.086E-1	1.937E-1	-1.913E-1	-1.355E-1	-3.400E-1	4.077E-2	1.440E-1
-6.700E-2	-2.134E-1	1.047E-1	3.298E-2	-2.251E-1	-1.829E-1	-2.902E-2	1.102E-1	-3.111E-1	-2.225E-1	-1.361E-1	-7.641E-2	-2.501E-1	-8.193E-2	-2.186E-1	4.597E-2	-1.738E-1	-1.790E-1	-1.602E-1	-5.692E-1	-3.890E-1	-2.902E-2	1.106E-1	6.544E-2	5.084E-2	6.707E-2	-4.752E-2	-4.724E-1	-3.225E-1	9.271E-2	-1.027E-1	-2.887E-1	-1.891E-1	4.077E-2	-8.244E-3	-1.084E-2	-1.037E-1	-1.095E-1	-1.780E-1	7.843E-2	8.362E-2	-3.778E-2	1.093E-1	-3.553E-1	-1.037E-1	2.941E-2	1.391E-1	2.060E-1	2.446E-1	1.966E-1
-2.426E-1	1.313E-1	2.375E-1	2.427E-1	-1.332E-1	-4.062E-1	-8.583E-2	-1.154E-1	-5.726E-2	9.466E-2	-4.979E-2	-2.670E-1	-1.845E-1	-7.057E-2	-1.121E-1	-9.589E-2	2.326E-1	2.738E-1	-1.701E-2	-3.259E-2	-1.605E-1	-3.746E-2	-2.063E-1	-5.637E-1	-3.368E-1	-3.306E-1	-1.117E-2	1.138E-1	9.076E-2	-2.163E-1	-4.526E-1	-4.052E-1	1.417E-1	2.487E-2	4.370E-2	-1.079E-1	-6.375E-2	3.461E-2	3.027E-1	5.311E-2	-9.979E-2	-1.232E-1	-2.058E-2	-2.650E-1	-4.293E-1	-5.581E-1	-3.843E-2	-1.313E-1	-3.247E-1	-3.085E-1
3.417E-1	2.128E-1	3.915E-2	-1.452E-1	-3.843E-2	-2.397E-1	-2.869E-2	-1.647E-1	-7.154E-2	-3.468E-1	-8.128E-2	-9.005E-2	-2.024E-1	-2.350E-2	6.317E-2	1.287E-1	2.514E-1	-1.426E-1	-2.511E-1	8.265E-2	1.982E-1	6.512E-2	7.338E-3	7.987E-3	-2.577E-2	1.255E-1	3.433E-1	9.693E-2	5.376E-2	2.047E-1	1.278E-1	1.683E-1	5.210E-4	1.482E-1	8.070E-2	-5.499E-2	-5.272E-2	-7.771E-2	-4.103E-2	-1.744E-1	-3.196E-1	-1.498E-1	5.214E-2	1.170E-3	-1.186E-1	-3.738E-1	-2.543E-1	-3.127E-1	-2.806E-1	-1.391E-1
-3.153E-1	3.235E-1	1.979E-1	-5.322E-3	-3.913E-1	-1.582E-1	1.170E-3	-2.446E-1	-3.624E-1	-1.196E-1	-1.530E-1	-5.694E-2	2.130E-2	-1.826E-1	-1.391E-1	-1.946E-1	-3.981E-1	-1.949E-1	3.079E-1	1.448E-2	-2.153E-1	1.716E-1	-1.701E-2	8.914E-2	-4.200E-2	-1.533E-1	-9.849E-2	1.580E-1	-7.057E-2	-1.949E-1	-1.147E-1	-3.454E-2	-3.335E-1	1.080E-1	1.547E-1	2.031E-1	9.498E-2	3.423E-1	7.486E-2	2.259E-2	-6.621E-3	-1.409E-2	3.628E-1	1.430E-1	-2.575E-1	2.024E-1	2.943E-1	-1.928E-2	1.128E-1	-1.524E-1
-3.941E-2	-2.244E-1	-2.459E-1	1.578E-2	1.964E-4	-8.940E-2	6.364E-3	-9.362E-2	-1.027E-1	1.773E-2	3.298E-2	-1.863E-2	-1.084E-2	-1.193E-1	-1.287E-1	-1.027E-1	-1.344E-2	-3.569E-1	-6.862E-2	3.037E-1	3.031E-1	-1.896E-2	-1.686E-1	-7.998E-2	1.287E-1	8.135E-2	-1.930E-1	-2.579E-1	-2.027E-1	1.550E-1	-7.836E-2	-2.004E-1	-1.381E-1	-1.170E-1	-2.468E-1	2.227E-2	1.696E-1	2.105E-1	-2.020E-1	2.459E-1	4.774E-1	4.388E-1	1.914E-1	8.752E-2	2.398E-1	1.242E-1	-1.615E-1	-3.407E-1	-4.711E-1	-1.770E-1
3.307E-1	-1.571E-2	-8.355E-2	-3.751E-1	-1.855E-1	-1.423E-1	9.856E-2	7.778E-2	-2.459E-1	1.773E-2	-3.514E-1	-4.900E-1	-4.335E-1	-1.605E-1	-2.364E-1	-1.952E-1	7.518E-2	-2.517E-1	-1.501E-1	-7.270E-3	-1.783E-1	1.395E-1	3.233E-2	-3.819E-1	-4.338E-1	-2.108E-1	1.083E-1	1.748E-1	1.026E-2	5.246E-2	1.119E-1	-1.134E-1	-1.241E-1	-5.434E-2	-1.959E-1	-3.075E-1	-8.972E-2	-5.109E-2	2.193E-1	1.369E-1	-1.371E-1	1.823E-1	1.058E-2	-1.167E-1	-1.913E-1	-3.942E-1	-1.407E-1	-1.115E-1	1.106E-1	2.261E-1
6.285E-2	-1.102E-3	2.329E-1	7.663E-3	2.617E-2	-2.287E-1	-1.264E-1	-5.109E-2	-6.700E-2	2.602E-1	-7.869E-2	-3.725E-1	-1.537E-1	-1.443E-1	-3.036E-1	2.492E-1	7.973E-2	-1.571E-2	-2.512E-2	2.050E-1	-3.088E-1	-1.683E-1	4.792E-2	2.291E-1	6.122E-2	-1.261E-1	-9.557E-2	3.342E-1	2.722E-1	-1.027E-1	-2.777E-1	-6.375E-2	1.498E-1	1.294E-1	-1.391E-1	-4.363E-2	-8.745E-2	2.037E-1	5.111E-1	3.060E-1	-1.374E-1	-3.838E-1	-9.199E-2	1.713E-1	7.681E-2	-1.783E-1	-6.505E-2	-8.323E-2	-2.102E-1	-2.128E-1
-2.939E-1	-3.575E-1	-4.961E-1	-4.530E-1	-1.706E-1	-2.345E-1	-1.134E-1	-1.063E-1	-2.025E-2	7.616E-2	-1.183E-1	-1.410E-1	1.459E-1	6.966E-2	-2.447E-2	1.729E-1	2.076E-1	-2.644E-1	1.489E-1	3.355E-1	4.272E-2	1.675E-2	-1.397E-1	-6.175E-1	-4.922E-1	-4.208E-1	-3.064E-2	2.329E-1	2.297E-1	-1.469E-1	-9.946E-2	-1.180E-1	1.578E-2	-6.343E-2	-1.241E-1	-2.559E-1	8.636E-3	2.067E-1	2.008E-1	-1.972E-1	-1.141E-1	-3.973E-2	8.427E-2	2.842E-1	1.560E-1	5.116E-2	-1.751E-1	-2.712E-1	-2.076E-1	-7.447E-2
-7.706E-2	-4.533E-1	-2.124E-1	-1.183E-1	1.819E-3	1.547E-1	2.566E-1	3.623E-2	-1.381E-1	-4.200E-2	-3.251E-1	-1.137E-1	-2.040E-1	-9.621E-2	9.726E-2	8.979E-2	1.326E-1	-1.809E-1	-1.102E-1	-1.274E-1	1.200E-1	-3.389E-2	-2.225E-1	-3.744E-1	-4.915E-2	-2.205E-1	2.357E-2	-4.622E-2	-4.939E-1	-2.170E-1	-1.086E-1	-1.533E-1	-2.322E-1	3.590E-2	-7.025E-2	4.012E-2	-2.401E-3	1.411E-1	2.209E-1	3.883E-2	-6.343E-2	1.805E-2	-3.584E-2	3.800E-1	1.544E-1	3.550E-1	8.168E-2	1.242E-1	1.037E-1	4.759E-2
-1.728E-1	-8.388E-2	5.019E-2	-2.601E-1	-2.871E-1	-1.206E-1	-1.433E-1	-6.992E-2	-1.214E-2	7.940E-2	1.096E-1	2.278E-1	1.313E-1	-1.011E-1	1.729E-1	1.206E-1	-1.757E-1	-2.098E-1	3.396E-2	1.447E-1	2.352E-1	5.246E-2	-9.881E-2	5.116E-2	-1.124E-1	2.365E-1	2.287E-1	7.226E-2	-9.751E-2	-8.615E-2	8.312E-3	-2.835E-1	-1.355E-1	2.617E-2	-2.124E-1	-1.376E-2	-2.155E-2	5.715E-3	2.476E-1	1.819E-3	-7.609E-2	3.331E-2	-6.148E-2	-1.855E-1	-1.409E-2	-9.102E-2	3.251E-1	-4.233E-2	-2.303E-1	-2.572E-1
3.720E-2	-1.348E-1	-9.459E-2	-7.739E-2	5.210E-4	-1.381E-1	1.448E-2	-9.979E-2	-2.869E-2	-2.121E-1	2.519E-2	-3.497E-1	-2.533E-1	-2.972E-1	-4.040E-1	-1.796E-1	-3.351E-1	-1.933E-1	1.005E-1	-1.124E-1	-1.930E-1	-8.972E-2	-2.244E-1	-1.180E-1	-1.559E-1	1.739E-1	5.246E-2	-1.968E-1	1.560E-1	9.758E-2	-1.728E-1	-2.384E-1	-1.900E-1	-3.221E-1	-2.566E-1	6.415E-2	4.175E-2	3.135E-1	2.252E-1	1.102E-1	8.947E-2	-1.485E-1	-1.443E-1	-2.355E-1	-3.264E-1	-3.569E-1	-5.104E-1	-3.692E-1	-1.761E-1	-2.707E-2
-1.501E-1	5.116E-2	2.271E-1	-6.667E-2	-1.121E-1	-1.474E-2	9.369E-2	9.531E-2	7.810E-2	1.346E-1	-6.375E-2	-2.264E-1	-2.420E-1	-2.377E-1	-2.176E-1	-1.920E-1	-1.602E-1	-1.790E-1	-1.342E-1	1.643E-2	6.609E-2	2.584E-2	2.487E-2	1.326E-1	-1.647E-1	4.564E-2	-1.137E-1	-2.027E-1	-2.621E-1	-1.498E-1	1.852E-1	6.039E-3	-7.869E-2	6.934E-2	-6.343E-2	-1.215E-1	2.764E-1	4.856E-2	1.427E-1	-1.871E-1	1.547E-1	1.849E-1	4.824E-2	4.207E-2	2.245E-1	1.093E-1	1.495E-1	1.083E-1	4.434E-2	9.498E-2
-1.420E-1	-2.575E-1	-1.881E-1	-1.832E-1	-2.504E-1	-3.064E-2	-8.810E-2	-1.335E-1	4.597E-2	-2.076E-3	3.201E-2	8.525E-2	1.255E-1	1.502E-1	1.411E-1	-2.188E-2	-5.531E-2	-1.988E-1	-1.426E-1	-1.579E-1	1.369E-1	-4.557E-2	-1.316E-1	-3.681E-2	4.564E-2	3.569E-1	1.573E-1	-5.207E-2	-4.785E-2	-2.772E-2	-1.761E-1	3.089E-1	1.339E-1	-2.517E-1	-3.390E-1	-4.306E-1	-4.744E-1	-3.355E-1	-4.915E-2	-3.050E-3	1.109E-1	-3.478E-1	-1.676E-1	-1.238E-1	-1.118E-1	-1.066E-1	1.414E-1	-1.024E-1	-2.186E-1	-1.001E-1
-1.167E-1	6.252E-2	9.286E-3	-1.407E-1	2.032E-2	4.694E-2	1.232E-1	-1.089E-1	-4.604E-1	-3.329E-1	-1.183E-1	-7.349E-2	-1.975E-1	-4.785E-2	-8.485E-2	-6.408E-2	-4.168E-2	-2.368E-1	6.804E-2	-1.274E-1	9.935E-3	1.843E-1	8.882E-2	1.287E-1	-3.400E-1	-1.258E-1	7.973E-2	1.602E-1	-2.447E-2	-1.430E-1	-1.004E-1	-6.051E-2	7.259E-2	1.521E-1	-1.181E-2	-1.225E-1	2.735E-1	3.290E-1	6.122E-2	-2.738E-1	-2.377E-1	-9.589E-2	-1.900E-1	-1.222E-1	-5.708E-1	-2.397E-1	2.667E-1	1.174E-1	-5.694E-2	-8.550E-2
1.545E-2	-3.423E-1	-6.408E-2	5.441E-2	-1.852E-1	-1.008E-1	6.090E-2	6.577E-2	4.434E-2	4.499E-2	4.532E-2	1.226E-1	-1.585E-1	-2.058E-2	-3.394E-1	1.826E-1	1.349E-1	-1.733E-2	-2.907E-1	-4.071E-2	3.331E-2	-3.686E-1	8.395E-2	2.681E-2	7.259E-2	-4.006E-2	1.026E-2	1.142E+0	8.728E-1	-1.998E-1	-5.611E-1	-4.306E-1	-4.465E-1	-3.371E-1	-4.238E-1	-2.842E-1	1.643E-2	-1.896E-2	7.713E-2	-1.863E-2	-3.358E-1	-7.739E-2	-1.654E-1	2.813E-1	-6.116E-2	-2.494E-1	-2.585E-1	-8.875E-2	1.826E-1	1.998E-1
-3.072E-1	-4.397E-1	1.307E-1	4.949E-1	2.583E-1	-2.192E-1	-1.520E-1	-3.656E-1	-2.728E-1	-2.972E-1	-4.397E-1	-3.569E-1	-2.751E-1	2.552E-2	2.487E-2	-6.960E-2	1.940E-1	3.193E-1	1.576E-1	1.771E-1	-2.774E-1	5.343E-2	-2.397E-1	9.401E-2	1.972E-1	3.524E-1	1.073E-1	-1.764E-1	4.402E-2	3.521E-1	2.592E-1	-2.556E-1	-2.952E-1	2.725E-1	-1.871E-1	2.265E-1	1.336E-1	-1.988E-1	-1.939E-1	-4.363E-2	-1.608E-1	-1.474E-2	-9.654E-2	-2.155E-2	1.401E-1	8.752E-2	-1.978E-1	-2.907E-1	1.190E-1	4.499E-2
8.557E-2	1.060E-1	7.064E-2	-7.576E-2	8.460E-2	3.206E-1	-7.869E-2	-5.319E-1	-3.650E-1	-1.407E-1	9.531E-2	-6.732E-2	8.979E-2	2.696E-1	1.356E-1	-4.192E-1	-9.867E-3	1.037E-1	3.103E-2	-2.350E-2	6.642E-2	-1.439E-1	-3.494E-1	-1.420E-1	-9.394E-2	-2.579E-1	-9.362E-2	3.190E-1	5.214E-2	-4.384E-1	-3.679E-1	-1.293E-1	4.759E-2	-3.364E-1	-1.060E-1	-2.907E-1	-2.345E-1	1.229E-1	-1.766E-2	-1.719E-1	4.741E-3	-1.117E-2	7.713E-2	2.135E-1	-7.836E-2	-3.458E-1	-1.998E-1	-1.972E-1	-2.293E-1	6.220E-2
-4.890E-1	9.286E-3	-4.071E-2	-3.121E-1	-9.751E-2	-9.686E-2	3.709E-1	9.369E-2	-2.488E-1	-2.722E-1	-2.748E-1	4.077E-2	-4.947E-2	-3.486E-2	2.284E-1	3.266E-2	-4.038E-2	-2.767E-1	-2.748E-1	-3.324E-2	4.921E-2	2.505E-1	1.578E-2	-2.384E-1	-1.731E-1	-1.569E-1	1.156E-2	8.427E-2	5.668E-2	-5.085E-1	-3.088E-1	-4.460E-2	1.167E-1	2.259E-2	9.758E-2	2.291E-1	1.047E-1	1.210E-1	-1.267E-1	-4.906E-1	-1.748E-1	1.026E-2	1.167E-1	-4.082E-1	-2.137E-1	-4.153E-1	5.928E-2	2.032E-2	-1.371E-1	-8.161E-2
2.292E-2	-9.621E-2	-1.725E-1	-4.309E-1	-5.533E-1	-8.323E-2	2.602E-1	-7.641E-2	1.643E-2	-3.699E-3	1.528E-1	8.135E-2	-9.654E-2	-4.390E-1	-2.371E-1	1.008E-1	2.346E-1	1.253E-2	1.735E-1	2.768E-1	2.357E-2	-3.968E-1	-7.933E-2	-6.862E-2	-4.530E-1	-5.004E-1	-1.047E-1	-3.046E-1	-1.423E-1	1.304E-1	-5.322E-3	9.596E-2	9.304E-2	-1.569E-1	-4.578E-1	-3.147E-1	-1.822E-1	7.194E-2	-9.329E-2	-7.869E-2	1.398E-1	-4.233E-2	-9.557E-2	2.324E-2	-1.988E-1	-1.180E-1	-1.952E-1	2.878E-1	4.045E-2	-4.121E-1
3.446E-1	3.427E-1	3.557E-1	2.519E-2	-3.871E-1	-3.988E-1	-2.577E-2	3.404E-1	5.180E-1	5.913E-1	6.252E-2	1.448E-2	-7.328E-1	-2.689E-1	-1.019E-2	1.080E-1	4.240E-2	3.850E-2	4.792E-2	-8.583E-2	9.434E-2	1.881E-1	3.006E-2	-1.874E-1	-8.615E-2	-1.887E-1	-9.589E-2	-4.052E-1	-3.471E-1	1.424E-1	1.058E-2	6.902E-2	1.223E-1	1.651E-1	1.430E-1	2.422E-2	1.026E-2	-1.181E-2	-4.915E-2	-1.378E-1	-2.825E-1	1.648E-1	1.037E-1	-2.608E-1	-4.377E-1	-3.014E-1	-2.903E-1	3.980E-2	2.722E-1	1.610E-2
-1.011E-1	-1.474E-2	7.129E-2	1.708E-2	6.155E-2	2.781E-1	-1.030E-1	2.852E-1	1.524E-1	-1.654E-1	2.000E-2	-1.027E-1	-2.144E-1	1.239E-1	2.725E-1	3.136E-2	6.689E-3	-1.482E-1	7.778E-2	-1.722E-1	-4.832E-1	-2.063E-1	2.553E-1	2.876E-2	2.389E-2	5.765E-2	1.005E-1	5.863E-2	5.408E-2	-3.291E-2	2.878E-1	1.268E-1	-2.429E-1	-5.669E-1	-2.611E-1	-3.653E-1	-2.738E-1	1.080E-1	-3.566E-1	-2.748E-1	-1.417E-1	-3.421E-2	-1.297E-1	-1.238E-1	6.090E-2	-6.621E-3	-3.811E-2	-1.303E-1	-2.488E-1	-1.641E-1
-4.056E-1	-4.815E-1	-3.893E-1	-9.816E-2	1.281E-1	2.177E-1	1.901E-1	-2.400E-1	1.265E-1	7.908E-2	3.980E-2	1.180E-1	-1.309E-1	-3.572E-1	-2.582E-1	-3.097E-2	1.083E-1	1.255E-1	-1.670E-1	4.954E-2	3.271E-1	-1.397E-1	-4.796E-1	-6.765E-2	1.156E-2	-3.811E-2	-1.569E-1	-1.848E-1	-4.038E-2	-1.232E-1	-3.584E-2	3.891E-1	5.329E-1	1.881E-1	7.338E-3	-1.427E-3	-9.542E-3	-3.649E-2	2.161E-1	8.557E-2	3.813E-1	-1.433E-1	-2.614E-1	-5.913E-1	-9.227E-1	-2.848E-1	5.602E-1	3.216E-1	-2.725E-3	7.681E-2
-4.006E-2	7.908E-2	2.583E-1	4.787E-1	-3.194E-2	-6.961E-1	-3.257E-1	-1.861E-1	-3.097E-2	3.475E-1	5.462E-1	2.693E-1	3.720E-2	2.920E-1	4.215E-1	2.498E-1	1.472E-1	4.759E-2	1.156E-2	-2.235E-1	-6.278E-2	-2.251E-1	7.356E-2	7.291E-2	3.167E-1	-5.629E-2	1.489E-1	2.060E-1	2.566E-1	-6.343E-2	-2.063E-1	-4.153E-1	-7.286E-1	-1.800E-1	-2.025E-2	5.538E-2	2.836E-1	-5.044E-2	-1.920E-1	-3.569E-1	-2.400E-1	-2.942E-1	-4.460E-2	-1.121E-1	5.571E-2	-3.270E-1	5.390E-3	-1.819E-1	1.349E-1	2.008E-1
1.197E-1	3.527E-1	9.628E-2	-2.524E-1	-2.478E-1	-3.075E-1	-1.105E-1	3.525E-2	-5.036E-1	3.232E-1	3.453E-1	5.830E-2	-1.634E-1	-2.134E-1	-3.497E-1	-2.220E-2	6.220E-2	2.326E-1	-2.692E-1	-1.829E-1	-8.680E-2	5.765E-2	1.982E-1	4.511E-1	-9.459E-2	-3.650E-1	-2.066E-1	6.544E-2	-2.020E-1	-1.378E-1	-8.568E-3	-2.722E-1	-3.530E-1	-2.264E-1	-1.676E-1	2.941E-2	1.343E-1	-6.570E-2	-1.608E-1	-1.365E-1	1.265E-1	-5.499E-2	-1.092E-1	1.223E-1	2.118E-1	3.850E-2	-1.446E-1	-3.616E-2	-7.479E-2	-2.007E-1
-3.273E-1	-1.189E-1	2.032E-2	-3.962E-1	-1.426E-1	-1.176E-1	1.221E-2	8.456E-4	5.993E-2	1.180E-1	-6.945E-3	1.383E-2	4.618E-1	2.131E-1	-1.993E-2	-2.805E-2	1.898E-1	2.372E-1	2.183E-1	3.566E-1	1.193E-1	4.012E-2	1.265E-1	3.897E-1	1.946E-1	2.031E-1	-2.670E-1	-4.877E-1	-1.683E-1	-2.805E-2	7.388E-2	3.105E-1	2.195E-2	-4.062E-1	-2.744E-1	-2.033E-1	4.959E-1	6.317E-2	-9.037E-2	1.964E-4	2.427E-1	1.602E-1	-4.752E-2	-2.949E-1	-1.800E-1	-2.170E-1	-3.926E-1	-1.845E-1	-3.218E-1	-4.046E-1
-6.895E-2	3.136E-2	1.615E-1	1.294E-1	-2.007E-1	-3.838E-1	-4.650E-1	1.547E-1	2.002E-1	-1.566E-1	-3.699E-3	-3.150E-1	-1.089E-1	1.675E-2	-1.654E-1	3.612E-1	1.706E-1	-1.826E-1	-9.719E-2	7.908E-2	-3.291E-2	5.246E-2	-3.682E-1	-1.150E-1	1.382E-1	1.469E-1	-1.011E-1	-2.079E-1	-4.071E-2	-7.284E-2	-2.257E-1	-1.335E-1	-4.215E-1	8.070E-2	1.297E-1	1.167E-1	1.300E-1	-2.358E-1	-7.284E-2	-9.217E-3	-2.673E-1	5.278E-2	3.131E-1	1.963E-1	4.986E-2	-1.079E-1	-2.218E-1	-1.199E-1	-7.270E-3	3.818E-2
3.753E-2	-1.572E-1	-2.173E-1	-1.121E-1	-1.409E-2	2.826E-1	-8.907E-2	-1.443E-1	-2.563E-1	-9.719E-2	1.369E-1	2.476E-1	4.284E-1	-2.572E-1	-6.111E-1	-1.641E-1	-1.181E-2	1.773E-2	-1.134E-1	1.459E-1	6.577E-2	-3.046E-1	2.000E-2	5.993E-2	-2.384E-1	-1.533E-1	8.312E-3	8.179E-1	2.764E-1	-4.071E-2	-3.208E-1	-1.436E-1	-2.627E-1	-1.147E-1	-1.585E-1	-3.728E-1	-3.059E-1	-5.341E-1	3.298E-2	-1.748E-1	2.144E-3	1.875E-1	-3.208E-1	7.453E-2	-4.348E-3	-3.660E-1	-6.351E-1	-2.967E-2	3.985E-1	5.488E-1
-9.005E-2	1.122E-1	9.174E-2	-1.131E-1	-6.570E-2	3.818E-2	-2.725E-3	1.161E-1	1.586E-1	8.914E-2	3.261E-1	1.914E-1	-2.390E-1	-2.783E-1	2.115E-1	1.476E-1	-1.115E-1	-2.095E-1	-3.215E-1	-1.939E-1	-2.608E-1	-3.082E-1	-1.641E-1	-4.124E-1	-1.777E-1	3.186E-1	9.856E-2	-2.868E-1	-3.908E-2	-1.339E-1	-9.946E-2	-1.761E-1	4.727E-2	9.304E-2	1.502E-1	2.141E-1	-1.897E-1	-4.528E-4	5.116E-2	-5.142E-2	-1.699E-1	-1.335E-1	-9.199E-2	-3.825E-1	-1.896E-2	2.552E-2	3.136E-2	-9.459E-2	-3.238E-1	2.933E-1
-7.414E-2	-1.936E-1	-1.631E-1	1.619E-1	-3.811E-2	6.739E-2	-1.407E-1	-8.615E-2	-1.524E-1	-6.083E-2	-1.660E-1	-3.381E-1	-2.481E-1	-2.066E-1	-3.971E-1	-1.930E-1	-4.143E-1	-1.271E-1	5.668E-2	4.207E-2	4.889E-2	-3.777E-1	-2.627E-1	3.248E-1	3.758E-1	-4.127E-1	-3.488E-1	-1.329E-1	-2.092E-1	-2.624E-1	2.667E-1	2.065E-2	-8.161E-2	-3.259E-2	1.456E-1	2.135E-1	-1.806E-1	-3.588E-1	-1.491E-1	1.531E-1	2.427E-1	2.083E-1	3.147E-1	1.675E-2	-2.144E-1	1.047E-1	2.099E-1	-2.001E-1	-1.858E-1	1.810E-1
1.658E-1	1.716E-1	1.469E-1	2.391E-1	-2.416E-1	1.513E-2	-2.653E-1	-1.543E-1	2.060E-1	1.839E-1	-7.576E-2	4.316E-1	-3.358E-1	-1.553E-1	-1.930E-1	1.902E-2	-2.090E-2	-1.699E-1	2.065E-2	-9.914E-2	6.220E-2	-2.053E-1	2.625E-1	2.099E-1	-1.264E-1	2.141E-1	-1.576E-1	-2.007E-1	3.300E-1	3.845E-1	1.164E-1	-7.966E-2	3.623E-2	-5.466E-2	-4.428E-2	3.947E-2	1.670E-1	9.888E-2	-9.297E-2	8.135E-2	2.292E-2	-2.123E-2	2.032E-2	5.636E-2	1.940E-1	8.719E-2	-1.134E-1	-1.121E-1	2.793E-3	-2.642E-2
